LECROYWaveRunner,41075,Waveform
Segments,1,SegmentSize,1002
Segment,TrigTime,TimeSinceSegment1
#1,12-Nov-2024 18:55:38,0                 
Time,Ampl
-1.18046e-08,-0.8432105
-1.17046e-08,-0.8433363
-1.16046e-08,-0.8434608
-1.15046e-08,-0.8434764
-1.14046e-08,-0.8434102
-1.13046e-08,-0.8434011
-1.12046e-08,-0.8434556
-1.11046e-08,-0.8434115
-1.10046e-08,-0.8433194
-1.09046e-08,-0.8433506
-1.08046e-08,-0.8434427
-1.07046e-08,-0.8435023
-1.06046e-08,-0.8435218
-1.05046e-08,-0.8435646
-1.04046e-08,-0.8435464
-1.03046e-08,-0.8433908
-1.02046e-08,-0.8432792
-1.01046e-08,-0.8432831
-1.00046e-08,-0.8432701
-9.90457e-09,-0.8432623
-9.80457e-09,-0.8433882
-9.70457e-09,-0.8435737
-9.60457e-09,-0.8436775
-9.50457e-09,-0.8437475
-9.40457e-09,-0.8437735
-9.30457e-09,-0.8437294
-9.20457e-09,-0.8436891
-9.10457e-09,-0.843671
-9.00457e-09,-0.8436697
-8.90457e-09,-0.8436282
-8.80457e-09,-0.8435542
-8.70457e-09,-0.843466
-8.60457e-09,-0.8434206
-8.50457e-09,-0.8434971
-8.40457e-09,-0.8436113
-8.30457e-09,-0.8436321
-8.20457e-09,-0.8435724
-8.10457e-09,-0.8436541
-8.00457e-09,-0.8438176
-7.90457e-09,-0.8437877
-7.80457e-09,-0.8436775
-7.70457e-09,-0.8436904
-7.60457e-09,-0.8437294
-7.50457e-09,-0.8437112
-7.40457e-09,-0.8437306
-7.30457e-09,-0.8437955
-7.20457e-09,-0.8437929
-7.10457e-09,-0.8436852
-7.00457e-09,-0.8435646
-6.90457e-09,-0.8434582
-6.80457e-09,-0.8434115
-6.70457e-09,-0.8434491
-6.60457e-09,-0.8434479
-6.50457e-09,-0.843479
-6.40457e-09,-0.8436334
-6.30457e-09,-0.843741
-6.20457e-09,-0.8437358
-6.10457e-09,-0.8437034
-6.00457e-09,-0.8435918
-5.90457e-09,-0.8433882
-5.80457e-09,-0.8432208
-5.70457e-09,-0.8431521
-5.60457e-09,-0.8431456
-5.50457e-09,-0.8431586
-5.40457e-09,-0.8431715
-5.30457e-09,-0.8431767
-5.20457e-09,-0.8432208
-5.10457e-09,-0.8432533
-5.00457e-09,-0.8432221
-4.90457e-09,-0.8433207
-4.80457e-09,-0.8435335
-4.70457e-09,-0.8435789
-4.60457e-09,-0.8434673
-4.50457e-09,-0.8434154
-4.40457e-09,-0.8434504
-4.30457e-09,-0.843492
-4.20457e-09,-0.8434673
-4.10457e-09,-0.8433532
-4.00457e-09,-0.8432286
-3.90457e-09,-0.8431663
-3.80457e-09,-0.8431547
-3.70457e-09,-0.8432066
-3.60457e-09,-0.8433791
-3.50457e-09,-0.8435815
-3.40457e-09,-0.8436852
-3.30457e-09,-0.8437527
-3.20457e-09,-0.8437748
-3.10457e-09,-0.8436852
-3.00457e-09,-0.8436126
-2.90457e-09,-0.8436269
-2.80457e-09,-0.8436126
-2.70457e-09,-0.8435101
-2.60457e-09,-0.8433506
-2.50457e-09,-0.8433026
-2.40457e-09,-0.8433973
-2.30457e-09,-0.8433934
-2.20457e-09,-0.8433661
-2.10457e-09,-0.8434764
-2.00457e-09,-0.8435672
-1.90457e-09,-0.8435179
-1.80457e-09,-0.8433687
-1.70457e-09,-0.8432273
-1.60457e-09,-0.8431625
-1.50457e-09,-0.8431508
-1.40457e-09,-0.8432053
-1.30457e-09,-0.8432922
-1.20457e-09,-0.8432974
-1.10457e-09,-0.8431923
-1.00457e-09,-0.8431106
-9.04565e-10,-0.8431676
-8.04565e-10,-0.8432312
-7.04565e-10,-0.8432195
-6.04565e-10,-0.8431949
-5.04565e-10,-0.843178
-4.04565e-10,-0.8431728
-3.04565e-10,-0.8430859
-2.04565e-10,-0.8429354
-1.04565e-10,-0.8429341
-4.56543e-12,-0.8430172
9.54346e-11,-0.8430794
1.95435e-10,-0.8432351
2.95435e-10,-0.8433778
3.95435e-10,-0.8433544
4.95435e-10,-0.8432546
5.95435e-10,-0.8431871
6.95435e-10,-0.8431209
7.95435e-10,-0.8430444
8.95435e-10,-0.8430496
9.95435e-10,-0.8432053
1.09543e-09,-0.8434063
1.19543e-09,-0.8434712
1.29543e-09,-0.8434219
1.39543e-09,-0.8433674
1.49543e-09,-0.843383
1.59543e-09,-0.8434102
1.69543e-09,-0.843383
1.79543e-09,-0.8433986
1.89543e-09,-0.8434167
1.99543e-09,-0.8434258
2.09543e-09,-0.8435166
2.19543e-09,-0.8436684
2.29543e-09,-0.8438007
2.39543e-09,-0.8436839
2.49543e-09,-0.8433415
2.59543e-09,-0.8431184
2.69543e-09,-0.8430872
2.79543e-09,-0.8431689
2.89543e-09,-0.843239
2.99543e-09,-0.8432247
3.09543e-09,-0.843239
3.19543e-09,-0.843252
3.29543e-09,-0.8432156
3.39543e-09,-0.8432299
3.49543e-09,-0.8433363
3.59543e-09,-0.8434128
3.69543e-09,-0.8433973
3.79543e-09,-0.8434076
3.89543e-09,-0.8435088
3.99543e-09,-0.843623
4.09543e-09,-0.8436385
4.19543e-09,-0.8436191
4.29543e-09,-0.8436437
4.39543e-09,-0.8436671
4.49543e-09,-0.8436775
4.59543e-09,-0.8436359
4.69543e-09,-0.8436022
4.79543e-09,-0.8436749
4.89543e-09,-0.8437812
4.99543e-09,-0.8438863
5.09543e-09,-0.8439784
5.19543e-09,-0.8439745
5.29543e-09,-0.8438604
5.39543e-09,-0.8437319
5.49543e-09,-0.8436671
5.59543e-09,-0.8436541
5.69543e-09,-0.8436606
5.79543e-09,-0.8436697
5.89543e-09,-0.843719
5.99543e-09,-0.8437514
6.09543e-09,-0.8437203
6.19543e-09,-0.8437319
6.29543e-09,-0.8437929
6.39543e-09,-0.8437903
6.49543e-09,-0.8437294
6.59543e-09,-0.8436839
6.69543e-09,-0.843623
6.79543e-09,-0.8435892
6.89543e-09,-0.8435815
6.99543e-09,-0.8434543
7.09543e-09,-0.8432727
7.19543e-09,-0.8431715
7.29543e-09,-0.8431456
7.39543e-09,-0.8431547
7.49543e-09,-0.8431235
7.59543e-09,-0.8430989
7.69543e-09,-0.8431767
7.79543e-09,-0.8432831
7.89543e-09,-0.8433441
7.99543e-09,-0.8433609
8.09543e-09,-0.8433557
8.19543e-09,-0.8433039
8.29543e-09,-0.8432675
8.39543e-09,-0.8432533
8.49543e-09,-0.8431222
8.59543e-09,-0.8429834
8.69543e-09,-0.8429601
8.79543e-09,-0.8429354
8.89543e-09,-0.8429251
8.99543e-09,-0.8430094
9.09543e-09,-0.8430768
9.19543e-09,-0.84306
9.29543e-09,-0.8430729
9.39543e-09,-0.8431313
9.49543e-09,-0.8431715
9.59543e-09,-0.8431845
9.69543e-09,-0.8431417
9.79543e-09,-0.8430613
9.89543e-09,-0.8430561
9.99543e-09,-0.8431184
1.00954e-08,-0.8432105
1.01954e-08,-0.8433052
1.02954e-08,-0.8433065
1.03954e-08,-0.843239
1.04954e-08,-0.8431884
1.05954e-08,-0.8432118
1.06954e-08,-0.8432883
1.07954e-08,-0.8432935
1.08954e-08,-0.8432338
1.09954e-08,-0.8431871
1.10954e-08,-0.8431689
1.11954e-08,-0.8431676
1.12954e-08,-0.8430846
1.13954e-08,-0.8429354
1.14954e-08,-0.8429341
1.15954e-08,-0.84306
1.16954e-08,-0.843156
1.17954e-08,-0.8431923
1.18954e-08,-0.8432377
1.19954e-08,-0.8433052
1.20954e-08,-0.8432559
1.21954e-08,-0.8430704
1.22954e-08,-0.8429017
1.23954e-08,-0.8428252
1.24954e-08,-0.8428135
1.25954e-08,-0.8428706
1.26954e-08,-0.8430029
1.27954e-08,-0.84313
1.28954e-08,-0.8431443
1.29954e-08,-0.8431663
1.30954e-08,-0.843309
1.31954e-08,-0.8434102
1.32954e-08,-0.8434024
1.33954e-08,-0.8434141
1.34954e-08,-0.8435114
1.35954e-08,-0.8435374
1.36954e-08,-0.8433986
1.37954e-08,-0.8432883
1.38954e-08,-0.8432883
1.39954e-08,-0.8432714
1.40954e-08,-0.8432182
1.41954e-08,-0.8431806
1.42954e-08,-0.8431689
1.43954e-08,-0.8431689
1.44954e-08,-0.8431728
1.45954e-08,-0.8432195
1.46954e-08,-0.8433415
1.47954e-08,-0.8434621
1.48954e-08,-0.8434764
1.49954e-08,-0.8433674
1.50954e-08,-0.8432377
1.51954e-08,-0.8431702
1.52954e-08,-0.843156
1.53954e-08,-0.8431625
1.54954e-08,-0.8431715
1.55954e-08,-0.8432195
1.56954e-08,-0.8432974
1.57954e-08,-0.8433415
1.58954e-08,-0.8433544
1.59954e-08,-0.8433519
1.60954e-08,-0.8433467
1.61954e-08,-0.8432559
1.62954e-08,-0.8430587
1.63954e-08,-0.8429354
1.64954e-08,-0.8429847
1.65954e-08,-0.8430989
1.66954e-08,-0.8431702
1.67954e-08,-0.8432364
1.68954e-08,-0.8433103
1.69954e-08,-0.8433908
1.70954e-08,-0.8434751
1.71954e-08,-0.8434297
1.72954e-08,-0.8433285
1.73954e-08,-0.843396
1.74954e-08,-0.8436048
1.75954e-08,-0.8437864
1.76954e-08,-0.8438215
1.77954e-08,-0.843754
1.78954e-08,-0.8437384
1.79954e-08,-0.8437436
1.80954e-08,-0.8436671
1.81954e-08,-0.8435192
1.82954e-08,-0.8433869
1.83954e-08,-0.8434141
1.84954e-08,-0.843514
1.85954e-08,-0.8434946
1.86954e-08,-0.843453
1.87954e-08,-0.8434699
1.88954e-08,-0.8435387
1.89954e-08,-0.8436723
1.90954e-08,-0.8437981
1.91954e-08,-0.8438993
1.92954e-08,-0.8440277
1.93954e-08,-0.8441834
1.94954e-08,-0.8443092
1.95954e-08,-0.844317
1.96954e-08,-0.8442885
1.97954e-08,-0.8443961
1.98954e-08,-0.8446141
1.99954e-08,-0.8448359
2.00954e-08,-0.8450292
2.01954e-08,-0.8452004
2.02954e-08,-0.8454508
2.03954e-08,-0.8457647
2.04954e-08,-0.8460203
2.05954e-08,-0.8463433
2.06954e-08,-0.8468648
2.07954e-08,-0.8473409
2.08954e-08,-0.8475549
2.09954e-08,-0.8477158
2.10954e-08,-0.8479091
2.11954e-08,-0.8480518
2.12954e-08,-0.8482373
2.13954e-08,-0.8485551
2.14954e-08,-0.8490039
2.15954e-08,-0.8493814
2.16954e-08,-0.8496292
2.17954e-08,-0.8500184
2.18954e-08,-0.8505905
2.19954e-08,-0.851086
2.20954e-08,-0.8514765
2.21954e-08,-0.851937
2.22954e-08,-0.8524818
2.23954e-08,-0.85298
2.24954e-08,-0.8533795
2.25954e-08,-0.8537168
2.26954e-08,-0.8540774
2.27954e-08,-0.85456
2.28954e-08,-0.8551723
2.29954e-08,-0.8558469
2.30954e-08,-0.8564462
2.31954e-08,-0.8568834
2.32954e-08,-0.8572661
2.33954e-08,-0.8577382
2.34954e-08,-0.8584232
2.35954e-08,-0.859243
2.36954e-08,-0.8600175
2.37954e-08,-0.8607219
2.38954e-08,-0.8613433
2.39954e-08,-0.8618764
2.40954e-08,-0.8622812
2.41954e-08,-0.862612
2.42954e-08,-0.8630984
2.43954e-08,-0.8636757
2.44954e-08,-0.8641479
2.45954e-08,-0.8646058
2.46954e-08,-0.8651675
2.47954e-08,-0.86568
2.48954e-08,-0.8659537
2.49954e-08,-0.8661496
2.50954e-08,-0.8664829
2.51954e-08,-0.8668527
2.52954e-08,-0.8672107
2.53954e-08,-0.8676855
2.54954e-08,-0.8682459
2.55954e-08,-0.8687972
2.56954e-08,-0.8692305
2.57954e-08,-0.8694938
2.58954e-08,-0.8697014
2.59954e-08,-0.8699154
2.60954e-08,-0.8701502
2.61954e-08,-0.870529
2.62954e-08,-0.8710518
2.63954e-08,-0.8714708
2.64954e-08,-0.8716849
2.65954e-08,-0.8719041
2.66954e-08,-0.8722725
2.67954e-08,-0.8727058
2.68954e-08,-0.8730171
2.69954e-08,-0.8732182
2.70954e-08,-0.8735451
2.71954e-08,-0.8739525
2.72954e-08,-0.8742988
2.73954e-08,-0.8746659
2.74954e-08,-0.8750629
2.75954e-08,-0.8753898
2.76954e-08,-0.8755701
2.77954e-08,-0.8757024
2.78954e-08,-0.8759269
2.79954e-08,-0.8761461
2.80954e-08,-0.876246
2.81954e-08,-0.8763511
2.82954e-08,-0.8765301
2.83954e-08,-0.8766364
2.84954e-08,-0.8767532
2.85954e-08,-0.8771177
2.86954e-08,-0.8775769
2.87954e-08,-0.8778636
2.88954e-08,-0.877909
2.89954e-08,-0.877909
2.90954e-08,-0.8781581
2.91954e-08,-0.8784746
2.92954e-08,-0.8785564
2.93954e-08,-0.8786199
2.94954e-08,-0.878904
2.95954e-08,-0.8791868
2.96954e-08,-0.8792335
2.97954e-08,-0.879192
2.98954e-08,-0.879192
2.99954e-08,-0.8792011
3.00954e-08,-0.8792076
3.01954e-08,-0.8792997
3.02954e-08,-0.8794528
3.03954e-08,-0.8794099
3.04954e-08,-0.8791609
3.05954e-08,-0.8789883
3.06954e-08,-0.879013
3.07954e-08,-0.879035
3.08954e-08,-0.8789144
3.09954e-08,-0.8788612
3.10954e-08,-0.8789857
3.11954e-08,-0.879048
3.12954e-08,-0.8789741
3.13954e-08,-0.8789909
3.14954e-08,-0.8791103
3.15954e-08,-0.8791077
3.16954e-08,-0.8788975
3.17954e-08,-0.8787432
3.18954e-08,-0.8788145
3.19954e-08,-0.8788664
3.20954e-08,-0.8787976
3.21954e-08,-0.8787782
3.22954e-08,-0.8787795
3.23954e-08,-0.8787004
3.24954e-08,-0.8785953
3.25954e-08,-0.8785408
3.26954e-08,-0.8785278
3.27954e-08,-0.8784448
3.28954e-08,-0.8782113
3.29954e-08,-0.878018
3.30954e-08,-0.8779778
3.31954e-08,-0.8778714
3.32954e-08,-0.8776275
3.33954e-08,-0.8775627
3.34954e-08,-0.8777106
3.35954e-08,-0.8776639
3.36954e-08,-0.8773707
3.37954e-08,-0.8772098
3.38954e-08,-0.8772111
3.39954e-08,-0.8770827
3.40954e-08,-0.8768103
3.41954e-08,-0.8766883
3.42954e-08,-0.8767999
3.43954e-08,-0.8769166
3.44954e-08,-0.8768868
3.45954e-08,-0.8768336
3.46954e-08,-0.8768453
3.47954e-08,-0.8767804
3.48954e-08,-0.8766429
3.49954e-08,-0.8766455
3.50954e-08,-0.8767273
3.51954e-08,-0.8765703
3.52954e-08,-0.876211
3.53954e-08,-0.8760306
3.54954e-08,-0.8760799
3.55954e-08,-0.8761214
3.56954e-08,-0.8761837
3.57954e-08,-0.8763511
3.58954e-08,-0.8763705
3.59954e-08,-0.8760773
3.60954e-08,-0.8757232
3.61954e-08,-0.8755831
3.62954e-08,-0.8755299
3.63954e-08,-0.8753522
3.64954e-08,-0.8751485
3.65954e-08,-0.8750006
3.66954e-08,-0.8748566
3.67954e-08,-0.8746595
3.68954e-08,-0.8743338
3.69954e-08,-0.8739252
3.70954e-08,-0.8734906
3.71954e-08,-0.8729704
3.72954e-08,-0.8724386
3.73954e-08,-0.8720079
3.74954e-08,-0.8716122
3.75954e-08,-0.8711725
3.76954e-08,-0.8707327
3.77954e-08,-0.87035
3.78954e-08,-0.869966
3.79954e-08,-0.8694342
3.80954e-08,-0.8687051
3.81954e-08,-0.8680448
3.82954e-08,-0.8675739
3.83954e-08,-0.8670965
3.84954e-08,-0.8666503
3.85954e-08,-0.866361
3.86954e-08,-0.8660471
3.87954e-08,-0.8655424
3.88954e-08,-0.8649457
3.89954e-08,-0.8643775
3.90954e-08,-0.8638534
3.91954e-08,-0.8633527
3.92954e-08,-0.8628623
3.93954e-08,-0.8623694
3.94954e-08,-0.8618726
3.95954e-08,-0.8613731
3.96954e-08,-0.860875
3.97954e-08,-0.8603768
3.98954e-08,-0.8598359
3.99954e-08,-0.8592171
4.00954e-08,-0.8585983
4.01954e-08,-0.8580846
4.02954e-08,-0.8576526
4.03954e-08,-0.8570767
4.04954e-08,-0.8563281
4.05954e-08,-0.855664
4.06954e-08,-0.8552398
4.07954e-08,-0.854931
4.08954e-08,-0.8545107
4.09954e-08,-0.853975
4.10954e-08,-0.8535157
4.11954e-08,-0.8532731
4.12954e-08,-0.8530889
4.13954e-08,-0.8527555
4.14954e-08,-0.8523391
4.15954e-08,-0.8519007
4.16954e-08,-0.8514233
4.17954e-08,-0.8509705
4.18954e-08,-0.8505425
4.19954e-08,-0.8500417
4.20954e-08,-0.8494333
4.21954e-08,-0.8488535
4.22954e-08,-0.8483683
4.23954e-08,-0.8479895
4.24954e-08,-0.8477067
4.25954e-08,-0.8474265
4.26954e-08,-0.8471618
4.27954e-08,-0.8468674
4.28954e-08,-0.8465003
4.29954e-08,-0.8460903
4.30954e-08,-0.8455779
4.31954e-08,-0.8450889
4.32954e-08,-0.8448203
4.33954e-08,-0.8446193
4.34954e-08,-0.8443274
4.35954e-08,-0.8440303
4.36954e-08,-0.8437592
4.37954e-08,-0.8435503
4.38954e-08,-0.8434245
4.39954e-08,-0.843213
4.40954e-08,-0.8429173
4.41954e-08,-0.842663
4.42954e-08,-0.8425125
4.43954e-08,-0.8424697
4.44954e-08,-0.8424347
4.45954e-08,-0.8422453
4.46954e-08,-0.8419846
4.47954e-08,-0.841838
4.48954e-08,-0.841716
4.49954e-08,-0.8415759
4.50954e-08,-0.8414177
4.51954e-08,-0.8412062
4.52954e-08,-0.8410038
4.53954e-08,-0.8408235
4.54954e-08,-0.8406562
4.55954e-08,-0.840494
4.56954e-08,-0.8403734
4.57954e-08,-0.8402852
4.58954e-08,-0.8402086
4.59954e-08,-0.8401749
4.60954e-08,-0.8401282
4.61954e-08,-0.8400141
4.62954e-08,-0.8398999
4.63954e-08,-0.8398869
4.64954e-08,-0.8399544
4.65954e-08,-0.8399194
4.66954e-08,-0.8397455
4.67954e-08,-0.8396249
4.68954e-08,-0.839669
4.69954e-08,-0.8397351
4.70954e-08,-0.8396417
4.71954e-08,-0.8394666
4.72954e-08,-0.8393615
4.73954e-08,-0.839285
4.74954e-08,-0.8391708
4.75954e-08,-0.8390632
4.76954e-08,-0.8390567
4.77954e-08,-0.8390372
4.78954e-08,-0.8388932
4.79954e-08,-0.8387921
4.80954e-08,-0.8387557
4.81954e-08,-0.8386675
4.82954e-08,-0.8385261
4.83954e-08,-0.8384872
4.84954e-08,-0.8386714
4.85954e-08,-0.8388634
4.86954e-08,-0.8388699
4.87954e-08,-0.8388673
4.88954e-08,-0.838949
4.89954e-08,-0.8389685
4.90954e-08,-0.8390048
4.91954e-08,-0.8391566
4.92954e-08,-0.8393499
4.93954e-08,-0.8394926
4.94954e-08,-0.8395055
4.95954e-08,-0.8394757
4.96954e-08,-0.8395821
4.97954e-08,-0.8397546
4.98954e-08,-0.8398571
4.99954e-08,-0.8399284
5.00954e-08,-0.8399985
5.01954e-08,-0.8400737
5.02954e-08,-0.8401555
5.03954e-08,-0.8401957
5.04954e-08,-0.8402917
5.05954e-08,-0.8404824
5.06954e-08,-0.8406419
5.07954e-08,-0.8406666
5.08954e-08,-0.8405965
5.09954e-08,-0.8406251
5.10954e-08,-0.8408404
5.11954e-08,-0.8410804
5.12954e-08,-0.8412023
5.13954e-08,-0.8412698
5.14954e-08,-0.8413762
5.15954e-08,-0.8414786
5.16954e-08,-0.841572
5.17954e-08,-0.8417005
5.18954e-08,-0.8418146
5.19954e-08,-0.8418639
5.20954e-08,-0.8419145
5.21954e-08,-0.8420248
5.22954e-08,-0.8421389
5.23954e-08,-0.8421921
5.24954e-08,-0.8422453
5.25954e-08,-0.8423582
5.26954e-08,-0.842471
5.27954e-08,-0.8425242
5.28954e-08,-0.8425774
5.29954e-08,-0.8426462
5.30954e-08,-0.8426384
5.31954e-08,-0.842615
5.32954e-08,-0.8426864
5.33954e-08,-0.842746
5.34954e-08,-0.8427266
5.35954e-08,-0.8426967
5.36954e-08,-0.8427227
5.37954e-08,-0.8428381
5.38954e-08,-0.842916
5.39954e-08,-0.8429445
5.40954e-08,-0.8429873
5.41954e-08,-0.843012
5.42954e-08,-0.8430613
5.43954e-08,-0.8432234
5.44954e-08,-0.8434621
5.45954e-08,-0.843597
5.46954e-08,-0.8435438
5.47954e-08,-0.8434686
5.48954e-08,-0.843514
5.49954e-08,-0.8435244
5.50954e-08,-0.8433895
5.51954e-08,-0.8432844
5.52954e-08,-0.843287
5.53954e-08,-0.8433155
5.54954e-08,-0.8434245
5.55954e-08,-0.8436295
5.56954e-08,-0.843754
5.57954e-08,-0.843789
5.58954e-08,-0.8438708
5.59954e-08,-0.8439213
5.60954e-08,-0.8439382
5.61954e-08,-0.8439797
5.62954e-08,-0.8440498
5.63954e-08,-0.8441782
5.64954e-08,-0.8442975
5.65954e-08,-0.8443092
5.66954e-08,-0.8441548
5.67954e-08,-0.8439914
5.68954e-08,-0.8439551
5.69954e-08,-0.844016
5.70954e-08,-0.8441587
5.71954e-08,-0.8442924
5.72954e-08,-0.8443961
5.73954e-08,-0.8444389
5.74954e-08,-0.8443533
5.75954e-08,-0.8442807
5.76954e-08,-0.8442924
5.77954e-08,-0.8442327
5.78954e-08,-0.844055
5.79954e-08,-0.8439369
5.80954e-08,-0.8439849
5.81954e-08,-0.8440965
5.82954e-08,-0.8441224
5.83954e-08,-0.8440692
5.84954e-08,-0.8440653
5.85954e-08,-0.8441198
5.86954e-08,-0.8442067
5.87954e-08,-0.8443001
5.88954e-08,-0.8442599
5.89954e-08,-0.8440277
5.90954e-08,-0.8437358
5.91954e-08,-0.8435361
5.92954e-08,-0.8434673
5.93954e-08,-0.8434686
5.94954e-08,-0.8435335
5.95954e-08,-0.8436243
5.96954e-08,-0.8436308
5.97954e-08,-0.8435244
5.98954e-08,-0.8433557
5.99954e-08,-0.8432598
6.00954e-08,-0.8432766
6.01954e-08,-0.8433596
6.02954e-08,-0.8435036
6.03954e-08,-0.8435892
6.04954e-08,-0.8435257
6.05954e-08,-0.8434569
6.06954e-08,-0.8435088
6.07954e-08,-0.8435672
6.08954e-08,-0.8435529
6.09954e-08,-0.8435698
6.10954e-08,-0.8436308
6.11954e-08,-0.8436697
6.12954e-08,-0.8436839
6.13954e-08,-0.8436827
6.14954e-08,-0.8437229
6.15954e-08,-0.8437955
6.16954e-08,-0.8438396
6.17954e-08,-0.8438526
6.18954e-08,-0.8438072
6.19954e-08,-0.8436814
6.20954e-08,-0.8436009
6.21954e-08,-0.8437047
6.22954e-08,-0.8438928
6.23954e-08,-0.8439603
6.24954e-08,-0.8439162
6.25954e-08,-0.8438643
6.26954e-08,-0.8437942
6.27954e-08,-0.8437566
6.28954e-08,-0.8437903
6.29954e-08,-0.8437838
6.30954e-08,-0.8438111
6.31954e-08,-0.8439213
6.32954e-08,-0.8439525
6.33954e-08,-0.8439032
6.34954e-08,-0.8438565
6.35954e-08,-0.8437916
6.36954e-08,-0.8436697
6.37954e-08,-0.8435944
6.38954e-08,-0.8436606
6.39954e-08,-0.8437722
6.40954e-08,-0.8437514
6.41954e-08,-0.8436178
6.42954e-08,-0.8436113
6.43954e-08,-0.8436424
6.44954e-08,-0.8434933
6.45954e-08,-0.8433739
6.46954e-08,-0.8434115
6.47954e-08,-0.8433856
6.48954e-08,-0.8433116
6.49954e-08,-0.8433947
6.50954e-08,-0.8435218
6.51954e-08,-0.8435049
6.52954e-08,-0.8434582
6.53954e-08,-0.8434725
6.54954e-08,-0.843453
6.55954e-08,-0.8433882
6.56954e-08,-0.8433908
6.57954e-08,-0.8434543
6.58954e-08,-0.8434556
6.59954e-08,-0.8433532
6.60954e-08,-0.8432325
6.61954e-08,-0.8431702
6.62954e-08,-0.843156
6.63954e-08,-0.8431184
6.64954e-08,-0.8430522
6.65954e-08,-0.8430548
6.66954e-08,-0.8431196
6.67954e-08,-0.8431663
6.68954e-08,-0.8431845
6.69954e-08,-0.8432286
6.70954e-08,-0.8433454
6.71954e-08,-0.8434634
6.72954e-08,-0.8434764
6.73954e-08,-0.8433674
6.74954e-08,-0.8432377
6.75954e-08,-0.8431261
6.76954e-08,-0.8429912
6.77954e-08,-0.8429212
6.78954e-08,-0.8429484
6.79954e-08,-0.8429873
6.80954e-08,-0.8430535
6.81954e-08,-0.8430911
6.82954e-08,-0.8430159
6.83954e-08,-0.8429484
6.84954e-08,-0.8430068
6.85954e-08,-0.8430249
6.86954e-08,-0.8428913
6.87954e-08,-0.8427863
6.88954e-08,-0.8428317
6.89954e-08,-0.842938
6.90954e-08,-0.8429173
6.91954e-08,-0.8427863
6.92954e-08,-0.8427383
6.93954e-08,-0.8427798
6.94954e-08,-0.8427811
6.95954e-08,-0.842772
6.96954e-08,-0.8428511
6.97954e-08,-0.8429562
6.98954e-08,-0.8429692
6.99954e-08,-0.842951
7.00954e-08,-0.8430224
7.01954e-08,-0.8430794
7.02954e-08,-0.8430159
7.03954e-08,-0.8428213
7.04954e-08,-0.8426059
7.05954e-08,-0.8425411
7.06954e-08,-0.8425956
7.07954e-08,-0.8426098
7.08954e-08,-0.8425631
7.09954e-08,-0.8425216
7.10954e-08,-0.8424619
7.11954e-08,-0.8423841
7.12954e-08,-0.8423426
7.13954e-08,-0.8423335
7.14954e-08,-0.8423374
7.15954e-08,-0.8423426
7.16954e-08,-0.8423452
7.17954e-08,-0.8423037
7.18954e-08,-0.8422271
7.19954e-08,-0.8422246
7.20954e-08,-0.8423763
7.21954e-08,-0.8426189
7.22954e-08,-0.8427616
7.23954e-08,-0.8428005
7.24954e-08,-0.8428356
7.25954e-08,-0.8427188
7.26954e-08,-0.842449
7.27954e-08,-0.8422777
7.28954e-08,-0.8423115
7.29954e-08,-0.8424697
7.30954e-08,-0.8426215
7.31954e-08,-0.8426488
7.32954e-08,-0.8426293
7.33954e-08,-0.8426916
7.34954e-08,-0.842746
7.35954e-08,-0.8426825
7.36954e-08,-0.8425333
7.37954e-08,-0.8423945
7.38954e-08,-0.8424178
7.39954e-08,-0.8425605
7.40954e-08,-0.8426176
7.41954e-08,-0.8425787
7.42954e-08,-0.842532
7.43954e-08,-0.8425528
7.44954e-08,-0.8426682
7.45954e-08,-0.8427486
7.46954e-08,-0.8427344
7.47954e-08,-0.8427447
7.48954e-08,-0.8427564
7.49954e-08,-0.8427188
7.50954e-08,-0.8427318
7.51954e-08,-0.8427953
7.52954e-08,-0.8428823
7.53954e-08,-0.8430172
7.54954e-08,-0.843095
7.55954e-08,-0.8430288
7.56954e-08,-0.8429147
7.57954e-08,-0.8428459
7.58954e-08,-0.8428278
7.59954e-08,-0.8428317
7.60954e-08,-0.8428394
7.61954e-08,-0.8428005
7.62954e-08,-0.8427253
7.63954e-08,-0.8427227
7.64954e-08,-0.8427422
7.65954e-08,-0.8427577
7.66954e-08,-0.8428511
7.67954e-08,-0.8429173
7.68954e-08,-0.8429406
7.69954e-08,-0.8430275
7.70954e-08,-0.84313
7.71954e-08,-0.8431404
7.72954e-08,-0.8430314
7.73954e-08,-0.8429471
7.74954e-08,-0.8430029
7.75954e-08,-0.843108
7.76954e-08,-0.84313
7.77954e-08,-0.8431171
7.78954e-08,-0.8431884
7.79954e-08,-0.8432455
7.80954e-08,-0.8432247
7.81954e-08,-0.8431949
7.82954e-08,-0.843178
7.83954e-08,-0.8431728
7.84954e-08,-0.8432169
7.85954e-08,-0.8432948
7.86954e-08,-0.8432987
7.87954e-08,-0.8432351
7.88954e-08,-0.843143
7.89954e-08,-0.8430483
7.90954e-08,-0.843047
7.91954e-08,-0.8431145
7.92954e-08,-0.8431222
7.93954e-08,-0.8430652
7.94954e-08,-0.8430639
7.95954e-08,-0.8431235
7.96954e-08,-0.8431676
7.97954e-08,-0.8431845
7.98954e-08,-0.8431858
7.99954e-08,-0.8431806
8.00954e-08,-0.8431339
8.01954e-08,-0.843012
8.02954e-08,-0.8429795
8.03954e-08,-0.8431171
8.04954e-08,-0.8432727
8.05954e-08,-0.8433519
8.06954e-08,-0.8433259
8.07954e-08,-0.8432403
8.08954e-08,-0.8432273
8.09954e-08,-0.8432844
8.10954e-08,-0.8433311
8.11954e-08,-0.8434388
8.12954e-08,-0.8435918
8.13954e-08,-0.8436347
8.14954e-08,-0.8435802
8.15954e-08,-0.8435724
8.16954e-08,-0.8436243
8.17954e-08,-0.8436658
8.18954e-08,-0.8437255
8.19954e-08,-0.8437605
8.20954e-08,-0.8437242
8.21954e-08,-0.8437319
8.22954e-08,-0.8437047
8.23954e-08,-0.8435944
8.24954e-08,-0.8435633
8.25954e-08,-0.8436567
8.26954e-08,-0.8438228
8.27954e-08,-0.8439213
8.28954e-08,-0.8439058
8.29954e-08,-0.8439551
8.30954e-08,-0.8441704
8.31954e-08,-0.8444493
8.32954e-08,-0.844688
8.33954e-08,-0.8447451
8.34954e-08,-0.844592
8.35954e-08,-0.8444623
8.36954e-08,-0.8444065
8.37954e-08,-0.8443572
8.38954e-08,-0.844378
8.39954e-08,-0.8444947
8.40954e-08,-0.8446621
8.41954e-08,-0.8447996
8.42954e-08,-0.8448567
8.43954e-08,-0.8447321
8.44954e-08,-0.844448
8.45954e-08,-0.8443131
8.46954e-08,-0.844378
8.47954e-08,-0.8445492
8.48954e-08,-0.8447905
8.49954e-08,-0.8449682
8.50954e-08,-0.8450785
8.51954e-08,-0.8451563
8.52954e-08,-0.845229
8.53954e-08,-0.8453509
8.54954e-08,-0.8453768
8.55954e-08,-0.8452329
8.56954e-08,-0.8449864
8.57954e-08,-0.8447088
8.58954e-08,-0.8446141
8.59954e-08,-0.8447049
8.60954e-08,-0.8447983
8.61954e-08,-0.8448437
8.62954e-08,-0.8448074
8.63954e-08,-0.8447256
8.64954e-08,-0.8446737
8.65954e-08,-0.8445713
8.66954e-08,-0.8444221
8.67954e-08,-0.8443365
8.68954e-08,-0.8442262
8.69954e-08,-0.8440368
8.70954e-08,-0.843837
8.71954e-08,-0.8436956
8.72954e-08,-0.843645
8.73954e-08,-0.843645
8.74954e-08,-0.8436593
8.75954e-08,-0.8437151
8.76954e-08,-0.8438383
8.77954e-08,-0.8440044
8.78954e-08,-0.8441821
8.79954e-08,-0.8443131
8.80954e-08,-0.8443637
8.81954e-08,-0.8444091
8.82954e-08,-0.8445609
