LECROYWaveRunner,41075,Waveform
Segments,1,SegmentSize,1002
Segment,TrigTime,TimeSinceSegment1
#1,12-Nov-2024 18:54:04,0                 
Time,Ampl
-1.18203e-08,-0.8384042
-1.17203e-08,-0.8384366
-1.16203e-08,-0.8386234
-1.15203e-08,-0.8387544
-1.14203e-08,-0.8387142
-1.13203e-08,-0.8386494
-1.12203e-08,-0.8386545
-1.11203e-08,-0.8386325
-1.10203e-08,-0.8385287
-1.09203e-08,-0.838412
-1.08203e-08,-0.8383977
-1.07203e-08,-0.8384172
-1.06203e-08,-0.8383925
-1.05203e-08,-0.8384133
-1.04203e-08,-0.8384353
-1.03203e-08,-0.8384457
-1.02203e-08,-0.8384911
-1.01203e-08,-0.8385222
-1.00203e-08,-0.8386221
-9.92033e-09,-0.8387298
-9.82033e-09,-0.8387402
-9.72033e-09,-0.8387635
-9.62033e-09,-0.8388206
-9.52033e-09,-0.8388128
-9.42033e-09,-0.8387051
-9.32033e-09,-0.8385819
-9.22033e-09,-0.8385637
-9.12033e-09,-0.838626
-9.02033e-09,-0.8386351
-8.92033e-09,-0.8385806
-8.82033e-09,-0.8385806
-8.72033e-09,-0.8386403
-8.62033e-09,-0.8386403
-8.52033e-09,-0.8387116
-8.42033e-09,-0.838984
-8.32033e-09,-0.8392111
-8.22033e-09,-0.8392201
-8.12033e-09,-0.8391216
-8.02033e-09,-0.839045
-7.92033e-09,-0.838927
-7.82033e-09,-0.8387285
-7.72033e-09,-0.838613
-7.62033e-09,-0.8387116
-7.52033e-09,-0.8388582
-7.42033e-09,-0.8388115
-7.32033e-09,-0.8387363
-7.22033e-09,-0.8388245
-7.12033e-09,-0.838866
-7.02033e-09,-0.8387869
-6.92033e-09,-0.8387609
-6.82033e-09,-0.8387622
-6.72033e-09,-0.838639
-6.62033e-09,-0.8385015
-6.52033e-09,-0.8385222
-6.42033e-09,-0.8385741
-6.32033e-09,-0.8385624
-6.22033e-09,-0.8384963
-6.12033e-09,-0.8384522
-6.02033e-09,-0.838565
-5.92033e-09,-0.8387505
-5.82033e-09,-0.8388595
-5.72033e-09,-0.8388893
-5.62033e-09,-0.8388816
-5.52033e-09,-0.8388245
-5.42033e-09,-0.8387402
-5.32033e-09,-0.8387376
-5.22033e-09,-0.838757
-5.12033e-09,-0.8387285
-5.02033e-09,-0.8387025
-4.92033e-09,-0.8386896
-4.82033e-09,-0.8387752
-4.72033e-09,-0.8390178
-4.62033e-09,-0.839263
-4.52033e-09,-0.8393369
-4.42033e-09,-0.839237
-4.32033e-09,-0.8390995
-4.22033e-09,-0.8390243
-4.12033e-09,-0.8390048
-4.02033e-09,-0.8390113
-3.92033e-09,-0.8389763
-3.82033e-09,-0.8389049
-3.72033e-09,-0.8389049
-3.62033e-09,-0.8389244
-3.52033e-09,-0.8388517
-3.42033e-09,-0.8388362
-3.32033e-09,-0.838975
-3.22033e-09,-0.8391267
-3.12033e-09,-0.8391579
-3.02033e-09,-0.83901
-2.92033e-09,-0.8388906
-2.82033e-09,-0.8390165
-2.72033e-09,-0.8391423
-2.62033e-09,-0.8390723
-2.52033e-09,-0.8389853
-2.42033e-09,-0.8390256
-2.32033e-09,-0.83908
-2.22033e-09,-0.8390658
-2.12033e-09,-0.8391293
-2.02033e-09,-0.8392668
-1.92033e-09,-0.8393084
-1.82033e-09,-0.839215
-1.72033e-09,-0.8391345
-1.62033e-09,-0.8390995
-1.52033e-09,-0.8389633
-1.42033e-09,-0.8387843
-1.32033e-09,-0.8387752
-1.22033e-09,-0.8389477
-1.12033e-09,-0.8390346
-1.02033e-09,-0.8389659
-9.20335e-10,-0.8389789
-8.20335e-10,-0.8390943
-7.20335e-10,-0.8391319
-6.20335e-10,-0.8391319
-5.20335e-10,-0.8391631
-4.20335e-10,-0.8391877
-3.20335e-10,-0.8391086
-2.20335e-10,-0.8389127
-1.20335e-10,-0.8387882
-2.03349e-11,-0.8387921
7.96651e-11,-0.8388271
1.79665e-10,-0.8388543
2.79665e-10,-0.8388634
3.79665e-10,-0.8388634
4.79665e-10,-0.8388608
5.79665e-10,-0.8388595
6.79665e-10,-0.8388154
7.79665e-10,-0.8386961
8.79665e-10,-0.8386623
9.79665e-10,-0.8387557
1.07967e-09,-0.8387921
1.17967e-09,-0.8387505
1.27967e-09,-0.838709
1.37967e-09,-0.8386896
1.47967e-09,-0.8386416
1.57967e-09,-0.8386117
1.67967e-09,-0.8386468
1.77967e-09,-0.8386377
1.87967e-09,-0.8385326
1.97967e-09,-0.8384146
2.07967e-09,-0.8383964
2.17967e-09,-0.8384172
2.27967e-09,-0.8384366
2.37967e-09,-0.8385326
2.47967e-09,-0.8386001
2.57967e-09,-0.8385793
2.67967e-09,-0.838591
2.77967e-09,-0.8386909
2.87967e-09,-0.8387648
2.97967e-09,-0.8387038
3.07967e-09,-0.8385949
3.17967e-09,-0.83853
3.27967e-09,-0.8385106
3.37967e-09,-0.8385144
3.47967e-09,-0.8385663
3.57967e-09,-0.8386468
3.67967e-09,-0.8386494
3.77967e-09,-0.8385858
3.87967e-09,-0.8385378
3.97967e-09,-0.8385196
4.07967e-09,-0.8385183
4.17967e-09,-0.8385235
4.27967e-09,-0.8385702
4.37967e-09,-0.838604
4.47967e-09,-0.8384859
4.57967e-09,-0.8383445
4.67967e-09,-0.8383588
4.77967e-09,-0.8384509
4.87967e-09,-0.8385157
4.97967e-09,-0.8385832
5.07967e-09,-0.8387467
5.17967e-09,-0.8389386
5.27967e-09,-0.8389931
5.37967e-09,-0.8389386
5.47967e-09,-0.838927
5.57967e-09,-0.8389763
5.67967e-09,-0.8389283
5.77967e-09,-0.8387934
5.87967e-09,-0.8387479
5.97967e-09,-0.8387505
6.07967e-09,-0.8387207
6.17967e-09,-0.8386974
6.27967e-09,-0.8386455
6.37967e-09,-0.8386558
6.47967e-09,-0.8388089
6.57967e-09,-0.8388777
6.67967e-09,-0.8387557
6.77967e-09,-0.8386027
6.87967e-09,-0.8385209
6.97967e-09,-0.8385028
7.07967e-09,-0.8385093
7.17967e-09,-0.8384781
7.27967e-09,-0.838364
7.37967e-09,-0.8382433
7.47967e-09,-0.8382719
7.57967e-09,-0.8385015
7.67967e-09,-0.8387077
7.77967e-09,-0.8387129
7.87967e-09,-0.838661
7.97967e-09,-0.8386636
8.07967e-09,-0.8386805
8.17967e-09,-0.8387363
8.27967e-09,-0.8388167
8.37967e-09,-0.8388621
8.47967e-09,-0.8388725
8.57967e-09,-0.8388245
8.67967e-09,-0.8387869
8.77967e-09,-0.8388595
8.87967e-09,-0.8389218
8.97967e-09,-0.8388634
9.07967e-09,-0.8387583
9.17967e-09,-0.8387389
9.27967e-09,-0.8388401
9.37967e-09,-0.8389218
9.47967e-09,-0.8388673
9.57967e-09,-0.838805
9.67967e-09,-0.8388167
9.77967e-09,-0.8388413
9.87967e-09,-0.8388582
9.97967e-09,-0.8388206
1.00797e-08,-0.8387869
1.01797e-08,-0.8388154
1.02797e-08,-0.8388024
1.03797e-08,-0.8387415
1.04797e-08,-0.8387
1.05797e-08,-0.8387285
1.06797e-08,-0.8388919
1.07797e-08,-0.8391384
1.08797e-08,-0.8392772
1.09797e-08,-0.8392279
1.10797e-08,-0.8391514
1.11797e-08,-0.8391968
1.12797e-08,-0.83925
1.13797e-08,-0.8392785
1.14797e-08,-0.8393719
1.15797e-08,-0.8394783
1.16797e-08,-0.8394874
1.17797e-08,-0.8394225
1.18797e-08,-0.8393706
1.19797e-08,-0.8393071
1.20797e-08,-0.839272
1.21797e-08,-0.8392643
1.22797e-08,-0.8391371
1.23797e-08,-0.8389555
1.24797e-08,-0.8388984
1.25797e-08,-0.838949
1.26797e-08,-0.8389153
1.27797e-08,-0.8387882
1.28797e-08,-0.8387038
1.29797e-08,-0.838674
1.30797e-08,-0.8386753
1.31797e-08,-0.8386844
1.32797e-08,-0.838735
1.33797e-08,-0.8388141
1.34797e-08,-0.8388582
1.35797e-08,-0.8389153
1.36797e-08,-0.8390333
1.37797e-08,-0.8391488
1.38797e-08,-0.8392474
1.39797e-08,-0.839333
1.40797e-08,-0.8392837
1.41797e-08,-0.8390476
1.42797e-08,-0.8387972
1.43797e-08,-0.838674
1.44797e-08,-0.8386507
1.45797e-08,-0.8386662
1.46797e-08,-0.8386831
1.47797e-08,-0.8387363
1.48797e-08,-0.8388582
1.49797e-08,-0.8389789
1.50797e-08,-0.8390372
1.51797e-08,-0.8390476
1.52797e-08,-0.8390385
1.53797e-08,-0.8391177
1.54797e-08,-0.8393525
1.55797e-08,-0.8395081
1.56797e-08,-0.839429
1.57797e-08,-0.8393265
1.58797e-08,-0.839272
1.59797e-08,-0.839215
1.60797e-08,-0.8391436
1.61797e-08,-0.838975
1.62797e-08,-0.8388686
1.63797e-08,-0.8390074
1.64797e-08,-0.8391851
1.65797e-08,-0.8391942
1.66797e-08,-0.8391073
1.67797e-08,-0.838997
1.68797e-08,-0.8388945
1.69797e-08,-0.8389348
1.70797e-08,-0.8390813
1.71797e-08,-0.8391799
1.72797e-08,-0.8391683
1.73797e-08,-0.8390463
1.74797e-08,-0.8389153
1.75797e-08,-0.8388504
1.76797e-08,-0.8387934
1.77797e-08,-0.8385949
1.78797e-08,-0.8383302
1.79797e-08,-0.8382291
1.80797e-08,-0.8382693
1.81797e-08,-0.8383717
1.82797e-08,-0.8384807
1.83797e-08,-0.838578
1.84797e-08,-0.8386649
1.85797e-08,-0.8386597
1.86797e-08,-0.8386325
1.87797e-08,-0.8386584
1.88797e-08,-0.8386403
1.89797e-08,-0.8385326
1.90797e-08,-0.8384133
1.91797e-08,-0.8383964
1.92797e-08,-0.8385482
1.93797e-08,-0.8388401
1.94797e-08,-0.8391488
1.95797e-08,-0.8393875
1.96797e-08,-0.8395678
1.97797e-08,-0.8397274
1.98797e-08,-0.839883
1.99797e-08,-0.8400452
2.00797e-08,-0.8402969
2.01797e-08,-0.8407483
2.02797e-08,-0.8412335
2.03797e-08,-0.8415604
2.04797e-08,-0.8418042
2.05797e-08,-0.8420715
2.06797e-08,-0.8423361
2.07797e-08,-0.8425048
2.08797e-08,-0.842689
2.09797e-08,-0.8430431
2.10797e-08,-0.8433869
2.11797e-08,-0.8435905
2.12797e-08,-0.8438682
2.13797e-08,-0.8443248
2.14797e-08,-0.8447658
2.15797e-08,-0.8451005
2.16797e-08,-0.8454508
2.17797e-08,-0.8458387
2.18797e-08,-0.846163
2.19797e-08,-0.8464756
2.20797e-08,-0.8469699
2.21797e-08,-0.8476457
2.22797e-08,-0.8483216
2.23797e-08,-0.8489494
2.24797e-08,-0.8495825
2.25797e-08,-0.8501909
2.26797e-08,-0.8506462
2.27797e-08,-0.8509096
2.28797e-08,-0.8511561
2.29797e-08,-0.8515738
2.30797e-08,-0.8521666
2.31797e-08,-0.852801
2.32797e-08,-0.8533315
2.33797e-08,-0.8538608
2.34797e-08,-0.8544601
2.35797e-08,-0.8549375
2.36797e-08,-0.8554382
2.37797e-08,-0.856249
2.38797e-08,-0.8571117
2.39797e-08,-0.8576656
2.40797e-08,-0.8580626
2.41797e-08,-0.8585568
2.42797e-08,-0.859125
2.43797e-08,-0.8596737
2.44797e-08,-0.8601926
2.45797e-08,-0.8607362
2.46797e-08,-0.8613472
2.47797e-08,-0.8618739
2.48797e-08,-0.8622773
2.49797e-08,-0.8627391
2.50797e-08,-0.863236
2.51797e-08,-0.8636563
2.52797e-08,-0.8640519
2.53797e-08,-0.8644956
2.54797e-08,-0.8648925
2.55797e-08,-0.8652428
2.56797e-08,-0.8657007
2.57797e-08,-0.8662118
2.58797e-08,-0.8666399
2.59797e-08,-0.8669538
2.60797e-08,-0.8671134
2.61797e-08,-0.8672795
2.62797e-08,-0.8675765
2.63797e-08,-0.8678399
2.64797e-08,-0.8680448
2.65797e-08,-0.8682978
2.66797e-08,-0.8685183
2.67797e-08,-0.8686143
2.68797e-08,-0.8687129
2.69797e-08,-0.8689347
2.70797e-08,-0.8691617
2.71797e-08,-0.8692694
2.72797e-08,-0.8693758
2.73797e-08,-0.8696884
2.74797e-08,-0.8701528
2.75797e-08,-0.8705031
2.76797e-08,-0.8707703
2.77797e-08,-0.871179
2.78797e-08,-0.8715876
2.79797e-08,-0.8717355
2.80797e-08,-0.8717381
2.81797e-08,-0.8717848
2.82797e-08,-0.8719067
2.83797e-08,-0.8720702
2.84797e-08,-0.8722907
2.85797e-08,-0.8725865
2.86797e-08,-0.8729199
2.87797e-08,-0.8732623
2.88797e-08,-0.8735607
2.89797e-08,-0.8737773
2.90797e-08,-0.8739006
2.91797e-08,-0.8739343
2.92797e-08,-0.8740134
2.93797e-08,-0.8741937
2.94797e-08,-0.8743494
2.95797e-08,-0.8744169
2.96797e-08,-0.8745116
2.97797e-08,-0.8747386
2.98797e-08,-0.8749254
2.99797e-08,-0.8750032
3.00797e-08,-0.8751433
3.01797e-08,-0.8752679
3.02797e-08,-0.8751926
3.03797e-08,-0.8750149
3.04797e-08,-0.8749461
3.05797e-08,-0.8749435
3.06797e-08,-0.8748709
3.07797e-08,-0.8747749
3.08797e-08,-0.8746789
3.09797e-08,-0.8745453
3.10797e-08,-0.8744272
3.11797e-08,-0.8743767
3.12797e-08,-0.8743715
3.13797e-08,-0.8744675
3.14797e-08,-0.8745855
3.15797e-08,-0.8745596
3.16797e-08,-0.8744649
3.17797e-08,-0.8743144
3.18797e-08,-0.8740964
3.19797e-08,-0.8739304
3.20797e-08,-0.8738668
3.21797e-08,-0.8738201
3.22797e-08,-0.8737151
3.23797e-08,-0.8735607
3.24797e-08,-0.8734764
3.25797e-08,-0.8734971
3.26797e-08,-0.8734491
3.27797e-08,-0.8733207
3.28797e-08,-0.8733687
3.29797e-08,-0.8736139
3.30797e-08,-0.873741
3.31797e-08,-0.8736385
3.32797e-08,-0.87344
3.33797e-08,-0.8732766
3.34797e-08,-0.8732078
3.35797e-08,-0.8731572
3.36797e-08,-0.873095
3.37797e-08,-0.8730625
3.38797e-08,-0.8730094
3.39797e-08,-0.8729354
3.40797e-08,-0.8729393
3.41797e-08,-0.8729627
3.42797e-08,-0.8728485
3.43797e-08,-0.8725813
3.44797e-08,-0.8722816
3.45797e-08,-0.8721311
3.46797e-08,-0.8721
3.47797e-08,-0.8719858
3.48797e-08,-0.8718665
3.49797e-08,-0.8718081
3.50797e-08,-0.8716213
3.51797e-08,-0.8713242
3.52797e-08,-0.871153
3.53797e-08,-0.8711945
3.54797e-08,-0.87114
3.55797e-08,-0.870782
3.56797e-08,-0.8703993
3.57797e-08,-0.8702112
3.58797e-08,-0.8701295
3.59797e-08,-0.8699907
3.60797e-08,-0.869822
3.61797e-08,-0.8697766
3.62797e-08,-0.8697442
3.63797e-08,-0.8695587
3.64797e-08,-0.8693875
3.65797e-08,-0.8693083
3.66797e-08,-0.8691215
3.67797e-08,-0.8687855
3.68797e-08,-0.8684548
3.69797e-08,-0.8682109
3.70797e-08,-0.8679449
3.71797e-08,-0.8675921
3.72797e-08,-0.8673171
3.73797e-08,-0.8671173
3.74797e-08,-0.8668695
3.75797e-08,-0.8665206
3.76797e-08,-0.8660224
3.77797e-08,-0.8654828
3.78797e-08,-0.8650404
3.79797e-08,-0.8646383
3.80797e-08,-0.8642426
3.81797e-08,-0.8638794
3.82797e-08,-0.8634539
3.83797e-08,-0.8628001
3.84797e-08,-0.8620762
3.85797e-08,-0.8615846
3.86797e-08,-0.8611526
3.87797e-08,-0.8605701
3.88797e-08,-0.8599474
3.89797e-08,-0.8593793
3.90797e-08,-0.8588617
3.91797e-08,-0.8583687
3.92797e-08,-0.8579238
3.93797e-08,-0.8575527
3.94797e-08,-0.8571765
3.95797e-08,-0.8566914
3.96797e-08,-0.8560843
3.97797e-08,-0.8554123
3.98797e-08,-0.8547274
3.99797e-08,-0.854093
4.00797e-08,-0.8535871
4.01797e-08,-0.8532524
4.02797e-08,-0.8529203
4.03797e-08,-0.8523716
4.04797e-08,-0.8517476
4.05797e-08,-0.8512987
4.06797e-08,-0.8509174
4.07797e-08,-0.8503608
4.08797e-08,-0.8497447
4.09797e-08,-0.8492608
4.10797e-08,-0.8488924
4.11797e-08,-0.8485304
4.12797e-08,-0.848188
4.13797e-08,-0.8479869
4.14797e-08,-0.8477988
4.15797e-08,-0.8473642
4.16797e-08,-0.8467428
4.17797e-08,-0.8462226
4.18797e-08,-0.8458283
4.19797e-08,-0.8453704
4.20797e-08,-0.8448735
4.21797e-08,-0.8444532
4.22797e-08,-0.844055
4.23797e-08,-0.84361
4.24797e-08,-0.8432118
4.25797e-08,-0.8429938
4.26797e-08,-0.842807
4.27797e-08,-0.8424658
4.28797e-08,-0.8420014
4.29797e-08,-0.8414851
4.30797e-08,-0.8410506
4.31797e-08,-0.8407366
4.32797e-08,-0.8404019
4.33797e-08,-0.8400646
4.34797e-08,-0.8398143
4.35797e-08,-0.8395458
4.36797e-08,-0.8391955
4.37797e-08,-0.8389192
4.38797e-08,-0.8388102
4.39797e-08,-0.8388037
4.40797e-08,-0.8387402
4.41797e-08,-0.8384781
4.42797e-08,-0.8381253
4.43797e-08,-0.837801
4.44797e-08,-0.8375247
4.45797e-08,-0.8373197
4.46797e-08,-0.8371108
4.47797e-08,-0.8368799
4.48797e-08,-0.8366321
4.49797e-08,-0.8363351
4.50797e-08,-0.8360951
4.51797e-08,-0.8359965
4.52797e-08,-0.8359446
4.53797e-08,-0.8358019
4.54797e-08,-0.8356229
4.55797e-08,-0.8355282
4.56797e-08,-0.835462
4.57797e-08,-0.8353077
4.58797e-08,-0.8350807
4.59797e-08,-0.8349963
4.60797e-08,-0.8350378
4.61797e-08,-0.8349626
4.62797e-08,-0.8348069
4.63797e-08,-0.8347122
4.64797e-08,-0.8347265
4.65797e-08,-0.8347641
4.66797e-08,-0.8346993
4.67797e-08,-0.8345566
4.68797e-08,-0.8343775
4.69797e-08,-0.8342828
4.70797e-08,-0.8343062
4.71797e-08,-0.8343918
4.72797e-08,-0.8344943
4.73797e-08,-0.8345475
4.74797e-08,-0.8345579
4.75797e-08,-0.8345099
4.76797e-08,-0.8343386
4.77797e-08,-0.8340506
4.78797e-08,-0.8338807
4.79797e-08,-0.8340078
4.80797e-08,-0.8342348
4.81797e-08,-0.834327
4.82797e-08,-0.8342906
4.83797e-08,-0.8342816
4.84797e-08,-0.8343283
4.85797e-08,-0.8343231
4.86797e-08,-0.8342634
4.87797e-08,-0.8342206
4.88797e-08,-0.8341583
4.89797e-08,-0.8340818
4.90797e-08,-0.8339962
4.91797e-08,-0.8339546
4.92797e-08,-0.8340338
4.93797e-08,-0.8342348
4.94797e-08,-0.8344502
4.95797e-08,-0.8345151
4.96797e-08,-0.8344593
4.97797e-08,-0.8344022
4.98797e-08,-0.8345034
4.99797e-08,-0.8348147
5.00797e-08,-0.8351066
5.01797e-08,-0.8352402
5.02797e-08,-0.8352597
5.03797e-08,-0.8352376
5.04797e-08,-0.835261
5.05797e-08,-0.8353271
5.06797e-08,-0.835414
5.07797e-08,-0.8356359
5.08797e-08,-0.8359511
5.09797e-08,-0.8361262
5.10797e-08,-0.8362157
5.11797e-08,-0.8364531
5.12797e-08,-0.8367813
5.13797e-08,-0.8370486
5.14797e-08,-0.837247
5.15797e-08,-0.8373664
5.16797e-08,-0.8374001
5.17797e-08,-0.8373923
5.18797e-08,-0.8373781
5.19797e-08,-0.837369
5.20797e-08,-0.8373651
5.21797e-08,-0.8374079
5.22797e-08,-0.8375285
5.23797e-08,-0.8376946
5.24797e-08,-0.8378282
5.25797e-08,-0.837884
5.26797e-08,-0.8378892
5.27797e-08,-0.8378775
5.28797e-08,-0.8378671
5.29797e-08,-0.8378632
5.30797e-08,-0.837906
5.31797e-08,-0.8379826
5.32797e-08,-0.838028
5.33797e-08,-0.8380851
5.34797e-08,-0.8381149
5.35797e-08,-0.8381227
5.36797e-08,-0.838207
5.37797e-08,-0.8383121
5.38797e-08,-0.8384107
5.39797e-08,-0.8385002
5.40797e-08,-0.8385391
5.41797e-08,-0.8385443
5.42797e-08,-0.8385378
5.43797e-08,-0.8385313
5.44797e-08,-0.8385287
5.45797e-08,-0.8385274
5.46797e-08,-0.8385715
5.47797e-08,-0.8386468
5.48797e-08,-0.8386494
5.49797e-08,-0.8385858
5.50797e-08,-0.8385819
5.51797e-08,-0.8386831
5.52797e-08,-0.8387596
5.53797e-08,-0.8387467
5.54797e-08,-0.8388024
5.55797e-08,-0.838936
5.56797e-08,-0.8390191
5.57797e-08,-0.8391332
5.58797e-08,-0.8392396
5.59797e-08,-0.8392007
5.60797e-08,-0.8391423
5.61797e-08,-0.8391968
5.62797e-08,-0.8393408
5.63797e-08,-0.8394329
5.64797e-08,-0.8393758
5.65797e-08,-0.8392643
5.66797e-08,-0.8392396
5.67797e-08,-0.8393382
5.68797e-08,-0.839464
5.69797e-08,-0.8394861
5.70797e-08,-0.8394692
5.71797e-08,-0.8395795
5.72797e-08,-0.8397118
5.73797e-08,-0.8396495
5.74797e-08,-0.8394796
5.75797e-08,-0.8393693
5.76797e-08,-0.8392461
5.77797e-08,-0.8390956
5.78797e-08,-0.8391047
5.79797e-08,-0.8392837
5.80797e-08,-0.8394134
5.81797e-08,-0.8393758
5.82797e-08,-0.8393122
5.83797e-08,-0.8394056
5.84797e-08,-0.8395808
5.85797e-08,-0.8396859
5.86797e-08,-0.8397183
5.87797e-08,-0.8397131
5.88797e-08,-0.8396988
5.89797e-08,-0.8396469
5.90797e-08,-0.8395691
5.91797e-08,-0.8394368
5.92797e-08,-0.8392279
5.93797e-08,-0.8391073
5.94797e-08,-0.8391618
5.95797e-08,-0.8393226
5.96797e-08,-0.8394277
5.97797e-08,-0.8393317
5.98797e-08,-0.8392318
5.99797e-08,-0.8393577
6.00797e-08,-0.8395665
6.01797e-08,-0.8396897
6.02797e-08,-0.8396807
6.03797e-08,-0.8396392
6.04797e-08,-0.8396547
6.05797e-08,-0.839547
6.06797e-08,-0.8393317
6.07797e-08,-0.8392876
6.08797e-08,-0.8393979
6.09797e-08,-0.8394511
6.10797e-08,-0.8394147
6.11797e-08,-0.8394627
6.12797e-08,-0.839595
6.13797e-08,-0.8395925
6.14797e-08,-0.8394692
6.15797e-08,-0.8394212
6.16797e-08,-0.8395055
6.17797e-08,-0.8395821
6.18797e-08,-0.8395289
6.19797e-08,-0.839512
6.20797e-08,-0.8396015
6.21797e-08,-0.8395834
6.22797e-08,-0.8394601
6.23797e-08,-0.8394601
6.24797e-08,-0.8395367
6.25797e-08,-0.8394199
6.26797e-08,-0.839224
6.27797e-08,-0.8391968
6.28797e-08,-0.8392733
6.29797e-08,-0.8393382
6.30797e-08,-0.8393654
6.31797e-08,-0.8393693
6.32797e-08,-0.83932
6.33797e-08,-0.8392383
6.34797e-08,-0.8392785
6.35797e-08,-0.8394199
6.36797e-08,-0.839381
6.37797e-08,-0.8392279
6.38797e-08,-0.8392539
6.39797e-08,-0.8394031
6.40797e-08,-0.8395509
6.41797e-08,-0.8396651
6.42797e-08,-0.8397092
6.43797e-08,-0.8397118
6.44797e-08,-0.8396573
6.45797e-08,-0.839573
6.46797e-08,-0.8395691
6.47797e-08,-0.8396314
6.48797e-08,-0.8396353
6.49797e-08,-0.8395782
6.50797e-08,-0.8395328
6.51797e-08,-0.8394731
6.52797e-08,-0.8393071
6.53797e-08,-0.8390269
6.54797e-08,-0.8388621
6.55797e-08,-0.8389023
6.56797e-08,-0.8389322
6.57797e-08,-0.8389451
6.58797e-08,-0.8390333
6.59797e-08,-0.8391397
6.60797e-08,-0.8390645
6.61797e-08,-0.8388491
6.62797e-08,-0.8387518
6.63797e-08,-0.8387389
6.64797e-08,-0.8386662
6.65797e-08,-0.8385741
6.66797e-08,-0.8385235
6.67797e-08,-0.8385547
6.68797e-08,-0.8386351
6.69797e-08,-0.8386442
6.70797e-08,-0.8385858
6.71797e-08,-0.838495
6.72797e-08,-0.838399
6.73797e-08,-0.8383536
6.74797e-08,-0.8383445
6.75797e-08,-0.8383951
6.76797e-08,-0.8383899
6.77797e-08,-0.838242
6.78797e-08,-0.8381772
6.79797e-08,-0.8382122
6.80797e-08,-0.8381681
6.81797e-08,-0.8381279
6.82797e-08,-0.8381953
6.83797e-08,-0.8383004
6.84797e-08,-0.8383173
6.85797e-08,-0.8382135
6.86797e-08,-0.8381331
6.87797e-08,-0.8382303
6.88797e-08,-0.8383692
6.89797e-08,-0.8383601
6.90797e-08,-0.8383147
6.91797e-08,-0.8383276
6.92797e-08,-0.8383043
6.93797e-08,-0.8382407
6.94797e-08,-0.8382005
6.95797e-08,-0.8381875
6.96797e-08,-0.8381875
6.97797e-08,-0.8381914
6.98797e-08,-0.838194
6.99797e-08,-0.8381525
7.00797e-08,-0.838076
7.01797e-08,-0.8380306
7.02797e-08,-0.8379735
7.03797e-08,-0.8378996
7.04797e-08,-0.8379034
7.05797e-08,-0.8379709
7.06797e-08,-0.8380189
7.07797e-08,-0.8380371
7.08797e-08,-0.8379943
7.09797e-08,-0.8378697
7.10797e-08,-0.837788
7.11797e-08,-0.837849
7.12797e-08,-0.8380046
7.13797e-08,-0.8381473
7.14797e-08,-0.8381681
7.15797e-08,-0.8381006
7.16797e-08,-0.8380448
7.17797e-08,-0.8380215
7.18797e-08,-0.8379761
7.19797e-08,-0.8379047
7.20797e-08,-0.8378632
7.21797e-08,-0.8378087
7.22797e-08,-0.8376894
7.23797e-08,-0.8375311
7.24797e-08,-0.8373988
7.25797e-08,-0.8373443
7.26797e-08,-0.8373391
7.27797e-08,-0.8373508
7.28797e-08,-0.8373612
7.29797e-08,-0.8374092
7.30797e-08,-0.8374857
7.31797e-08,-0.8375298
7.32797e-08,-0.8375428
7.33797e-08,-0.8374974
7.34797e-08,-0.8374585
7.35797e-08,-0.837487
7.36797e-08,-0.8374741
7.37797e-08,-0.8374572
7.38797e-08,-0.837535
7.39797e-08,-0.8376855
7.40797e-08,-0.8378204
7.41797e-08,-0.8378801
7.42797e-08,-0.8379748
7.43797e-08,-0.8382057
7.44797e-08,-0.8383938
7.45797e-08,-0.8384301
7.46797e-08,-0.8384924
7.47797e-08,-0.8386169
7.48797e-08,-0.8386481
7.49797e-08,-0.8385949
7.50797e-08,-0.8385897
7.51797e-08,-0.8386001
7.52797e-08,-0.8384768
7.53797e-08,-0.8383393
7.54797e-08,-0.8383575
7.55797e-08,-0.8384509
7.56797e-08,-0.8385598
7.57797e-08,-0.8386597
7.58797e-08,-0.8387051
7.59797e-08,-0.8387557
7.60797e-08,-0.8387791
7.61797e-08,-0.8387428
7.62797e-08,-0.8387077
7.63797e-08,-0.8386468
7.64797e-08,-0.8385676
7.65797e-08,-0.838482
7.66797e-08,-0.8384379
7.67797e-08,-0.8384729
7.68797e-08,-0.8384664
7.69797e-08,-0.8383653
7.70797e-08,-0.8382485
7.71797e-08,-0.8382316
7.72797e-08,-0.8382511
7.73797e-08,-0.8382706
7.74797e-08,-0.8384535
7.75797e-08,-0.838674
7.76797e-08,-0.8386558
7.77797e-08,-0.8385845
7.78797e-08,-0.8386662
7.79797e-08,-0.8387479
7.80797e-08,-0.8386974
7.81797e-08,-0.8385949
7.82797e-08,-0.8385326
7.83797e-08,-0.838556
7.84797e-08,-0.8386338
7.85797e-08,-0.8386442
7.86797e-08,-0.8386286
7.87797e-08,-0.8387454
7.88797e-08,-0.8389244
7.89797e-08,-0.838984
7.90797e-08,-0.8390217
7.91797e-08,-0.8392098
7.92797e-08,-0.8394277
7.93797e-08,-0.8394939
7.94797e-08,-0.8394861
7.95797e-08,-0.8395483
7.96797e-08,-0.8396404
7.97797e-08,-0.8396482
7.98797e-08,-0.8395432
7.99797e-08,-0.8394173
8.00797e-08,-0.8393084
8.01797e-08,-0.8391734
8.02797e-08,-0.8390139
8.03797e-08,-0.8388465
8.04797e-08,-0.8387181
8.05797e-08,-0.838757
8.06797e-08,-0.8389503
8.07797e-08,-0.8390865
8.08797e-08,-0.8390463
8.09797e-08,-0.8389373
8.10797e-08,-0.838866
8.11797e-08,-0.8388439
8.12797e-08,-0.8388452
8.13797e-08,-0.8388543
8.14797e-08,-0.8389023
8.15797e-08,-0.8389802
8.16797e-08,-0.8389373
8.17797e-08,-0.8387544
8.18797e-08,-0.8385845
8.19797e-08,-0.838508
8.20797e-08,-0.8385404
8.21797e-08,-0.8387168
8.22797e-08,-0.838927
8.23797e-08,-0.8389918
8.24797e-08,-0.8390269
8.25797e-08,-0.83908
8.26797e-08,-0.839023
8.27797e-08,-0.8390528
8.28797e-08,-0.8392655
8.29797e-08,-0.8394601
8.30797e-08,-0.839547
8.31797e-08,-0.8396028
8.32797e-08,-0.8396651
8.33797e-08,-0.8396093
8.34797e-08,-0.8395055
8.35797e-08,-0.8395315
8.36797e-08,-0.8394913
8.37797e-08,-0.8392785
8.38797e-08,-0.8392617
8.39797e-08,-0.8395263
8.40797e-08,-0.8397274
8.41797e-08,-0.8397624
8.42797e-08,-0.8397339
8.43797e-08,-0.8397481
8.44797e-08,-0.8397637
8.45797e-08,-0.83973
8.46797e-08,-0.8397442
8.47797e-08,-0.8398519
8.48797e-08,-0.8400569
8.49797e-08,-0.8402268
8.50797e-08,-0.8401658
8.51797e-08,-0.8399868
8.52797e-08,-0.8398701
8.53797e-08,-0.8398298
8.54797e-08,-0.8398778
8.55797e-08,-0.8400102
8.56797e-08,-0.8401827
8.57797e-08,-0.8404071
8.58797e-08,-0.8406147
8.59797e-08,-0.8406225
8.60797e-08,-0.840485
8.61797e-08,-0.8403799
8.62797e-08,-0.8402943
8.63797e-08,-0.8402592
8.64797e-08,-0.8403436
8.65797e-08,-0.840459
8.66797e-08,-0.8404785
8.67797e-08,-0.8403747
8.68797e-08,-0.8402476
8.69797e-08,-0.8401814
8.70797e-08,-0.8401671
8.71797e-08,-0.8401736
8.72797e-08,-0.8401827
8.73797e-08,-0.8401879
8.74797e-08,-0.840232
8.75797e-08,-0.8402644
8.76797e-08,-0.8401464
8.77797e-08,-0.8399609
8.78797e-08,-0.8398545
8.79797e-08,-0.839826
8.80797e-08,-0.8398765
8.81797e-08,-0.8400102
8.82797e-08,-0.8401399
