LECROYWaveRunner,41075,Waveform
Segments,1,SegmentSize,1002
Segment,TrigTime,TimeSinceSegment1
#1,12-Nov-2024 18:56:02,0                 
Time,Ampl
-1.18067e-08,-0.8366607
-1.17067e-08,-0.8365816
-1.16067e-08,-0.8365349
-1.15067e-08,-0.8364791
-1.14067e-08,-0.8364492
-1.13067e-08,-0.8365297
-1.12067e-08,-0.8366853
-1.11067e-08,-0.8368228
-1.10067e-08,-0.8368838
-1.09067e-08,-0.8368916
-1.08067e-08,-0.8368825
-1.07067e-08,-0.8369149
-1.06067e-08,-0.8369876
-1.05067e-08,-0.8370317
-1.04067e-08,-0.8370447
-1.03067e-08,-0.8370862
-1.02067e-08,-0.8371575
-1.01067e-08,-0.8371549
-1.00067e-08,-0.8371342
-9.90666e-09,-0.8371199
-9.80666e-09,-0.8369824
-9.70666e-09,-0.8367528
-9.60666e-09,-0.8366192
-9.50666e-09,-0.8366244
-9.40666e-09,-0.8366231
-9.30666e-09,-0.8365738
-9.20666e-09,-0.83654
-9.10666e-09,-0.8365712
-9.00666e-09,-0.8366905
-8.90666e-09,-0.8368151
-8.80666e-09,-0.8368773
-8.70666e-09,-0.8369331
-8.60666e-09,-0.8369565
-8.50666e-09,-0.8369175
-8.40666e-09,-0.8368799
-8.30666e-09,-0.8367761
-8.20666e-09,-0.8365777
-8.10666e-09,-0.8364129
-8.00666e-09,-0.8363442
-7.90666e-09,-0.8362936
-7.80666e-09,-0.8362313
-7.70666e-09,-0.8362845
-7.60666e-09,-0.8364311
-7.50666e-09,-0.8365245
-7.40666e-09,-0.8365984
-7.30666e-09,-0.8366737
-7.20666e-09,-0.8367087
-7.10666e-09,-0.8367139
-7.00666e-09,-0.83671
-6.90666e-09,-0.8367048
-6.80666e-09,-0.8366581
-6.70666e-09,-0.8366244
-6.60666e-09,-0.8366996
-6.50666e-09,-0.8367645
-6.40666e-09,-0.836793
-6.30666e-09,-0.8368397
-6.20666e-09,-0.836867
-6.10666e-09,-0.8368747
-6.00666e-09,-0.8368293
-5.90666e-09,-0.836793
-5.80666e-09,-0.83678
-5.70666e-09,-0.8366892
-5.60666e-09,-0.8366711
-5.50666e-09,-0.8367256
-5.40666e-09,-0.836771
-5.30666e-09,-0.8368773
-5.20666e-09,-0.8370317
-5.10666e-09,-0.8372055
-5.00666e-09,-0.837295
-4.90666e-09,-0.8372678
-4.80666e-09,-0.8372263
-4.70666e-09,-0.8372016
-4.60666e-09,-0.8371497
-4.50666e-09,-0.8370317
-4.40666e-09,-0.8369565
-4.30666e-09,-0.83702
-4.20666e-09,-0.8371303
-4.10666e-09,-0.8371964
-4.00666e-09,-0.8372159
-3.90666e-09,-0.837212
-3.80666e-09,-0.8372042
-3.70666e-09,-0.8372431
-3.60666e-09,-0.8372743
-3.50666e-09,-0.8372003
-3.40666e-09,-0.8371355
-3.30666e-09,-0.8371082
-3.20666e-09,-0.8370602
-3.10666e-09,-0.8369889
-3.00666e-09,-0.8368177
-2.90666e-09,-0.8366659
-2.80666e-09,-0.8366853
-2.70666e-09,-0.836828
-2.60666e-09,-0.8369759
-2.50666e-09,-0.8370019
-2.40666e-09,-0.836937
-2.30666e-09,-0.8368397
-2.20666e-09,-0.8366957
-2.10666e-09,-0.8366594
-2.00666e-09,-0.8368034
-1.90666e-09,-0.8369629
-1.80666e-09,-0.8370434
-1.70666e-09,-0.8370589
-1.60666e-09,-0.8370499
-1.50666e-09,-0.8370395
-1.40666e-09,-0.837033
-1.30666e-09,-0.8369889
-1.20666e-09,-0.8368695
-1.10666e-09,-0.8367476
-1.00666e-09,-0.8366464
-9.06655e-10,-0.8365595
-8.06655e-10,-0.8366101
-7.06655e-10,-0.8368008
-6.06655e-10,-0.8369318
-5.06655e-10,-0.8369331
-4.06655e-10,-0.8369863
-3.06655e-10,-0.8371562
-2.06655e-10,-0.8372704
-1.06655e-10,-0.8372198
-6.65536e-12,-0.8371536
9.33446e-11,-0.8372029
1.93345e-10,-0.8373456
2.93345e-10,-0.8373949
3.93345e-10,-0.8372198
4.93345e-10,-0.8370291
5.93345e-10,-0.8369798
6.93345e-10,-0.8369928
7.93345e-10,-0.8370615
8.93345e-10,-0.8371523
9.93345e-10,-0.8372457
1.09334e-09,-0.8373768
1.19334e-09,-0.8374494
1.29334e-09,-0.8374261
1.39334e-09,-0.8373884
1.49334e-09,-0.8372782
1.59334e-09,-0.8371199
1.69334e-09,-0.8371186
1.79334e-09,-0.837247
1.89334e-09,-0.8373443
1.99334e-09,-0.837382
2.09334e-09,-0.837382
2.19334e-09,-0.8374611
2.29334e-09,-0.8376064
2.39334e-09,-0.8376077
2.49334e-09,-0.8374818
2.59334e-09,-0.83743
2.69334e-09,-0.8374689
2.79334e-09,-0.837513
2.89334e-09,-0.8375337
2.99334e-09,-0.8375389
3.09334e-09,-0.8375363
3.19334e-09,-0.8374883
3.29334e-09,-0.8373664
3.39334e-09,-0.8372457
3.49334e-09,-0.8371874
3.59334e-09,-0.8371342
3.69334e-09,-0.8370213
3.79334e-09,-0.8369526
3.89334e-09,-0.8370187
3.99334e-09,-0.8370875
4.09334e-09,-0.8370771
4.19334e-09,-0.837094
4.29334e-09,-0.8371108
4.39334e-09,-0.8369863
4.49334e-09,-0.8368462
4.59334e-09,-0.836819
4.69334e-09,-0.8368371
4.79334e-09,-0.8369007
4.89334e-09,-0.8369435
4.99334e-09,-0.8369149
5.09334e-09,-0.8369253
5.19334e-09,-0.8369409
5.29334e-09,-0.8368631
5.39334e-09,-0.8367567
5.49334e-09,-0.8366983
5.59334e-09,-0.8367281
5.69334e-09,-0.8368514
5.79334e-09,-0.8370252
5.89334e-09,-0.837164
5.99334e-09,-0.837177
6.09334e-09,-0.8371043
6.19334e-09,-0.8370045
6.29334e-09,-0.8369487
6.39334e-09,-0.8370226
6.49334e-09,-0.8371355
6.59334e-09,-0.8372431
6.69334e-09,-0.8373366
6.79334e-09,-0.8373768
6.89334e-09,-0.8373391
6.99334e-09,-0.837212
7.09334e-09,-0.8370836
7.19334e-09,-0.8370667
7.29334e-09,-0.8371303
7.39334e-09,-0.8371848
7.49334e-09,-0.8372055
7.59334e-09,-0.8371653
7.69334e-09,-0.8370836
7.79334e-09,-0.8370784
7.89334e-09,-0.8371835
7.99334e-09,-0.837308
8.09334e-09,-0.8373288
8.19334e-09,-0.8372665
8.29334e-09,-0.8372133
8.39334e-09,-0.8371485
8.49334e-09,-0.8370265
8.59334e-09,-0.8369098
8.69334e-09,-0.8368981
8.79334e-09,-0.8369227
8.89334e-09,-0.8368981
8.99334e-09,-0.8369188
9.09334e-09,-0.8369409
9.19334e-09,-0.8369072
9.29334e-09,-0.8369201
9.39334e-09,-0.8369837
9.49334e-09,-0.8370265
9.59334e-09,-0.8370421
9.69334e-09,-0.8370408
9.79334e-09,-0.8370382
9.89334e-09,-0.8369902
9.99334e-09,-0.8368695
1.00933e-08,-0.8367476
1.01933e-08,-0.8367774
1.02933e-08,-0.8369188
1.03933e-08,-0.8369746
1.04933e-08,-0.8369759
1.05933e-08,-0.8370499
1.06933e-08,-0.8371043
1.07933e-08,-0.8370382
1.08933e-08,-0.8369305
1.09933e-08,-0.8368254
1.10933e-08,-0.8367307
1.11933e-08,-0.8367761
1.12933e-08,-0.8369668
1.13933e-08,-0.8370979
1.14933e-08,-0.8370992
1.15933e-08,-0.8371082
1.16933e-08,-0.8371588
1.17933e-08,-0.8371939
1.18933e-08,-0.8372068
1.19933e-08,-0.8372068
1.20933e-08,-0.8371601
1.21933e-08,-0.8370797
1.22933e-08,-0.8371212
1.23933e-08,-0.8373041
1.24933e-08,-0.83743
1.25933e-08,-0.8373871
1.26933e-08,-0.8373197
1.27933e-08,-0.8372821
1.28933e-08,-0.8371848
1.29933e-08,-0.8370784
1.30933e-08,-0.8369824
1.31933e-08,-0.8369383
1.32933e-08,-0.8369759
1.33933e-08,-0.8369707
1.34933e-08,-0.8369149
1.35933e-08,-0.8368734
1.36933e-08,-0.836902
1.37933e-08,-0.8369785
1.38933e-08,-0.8370719
1.39933e-08,-0.8372081
1.40933e-08,-0.8372847
1.41933e-08,-0.8372172
1.42933e-08,-0.8370589
1.43933e-08,-0.8369149
1.44933e-08,-0.8368073
1.45933e-08,-0.8366347
1.46933e-08,-0.8364908
1.47933e-08,-0.836518
1.48933e-08,-0.8365764
1.49933e-08,-0.8366127
1.50933e-08,-0.8367126
1.51933e-08,-0.8367761
1.52933e-08,-0.8367113
1.53933e-08,-0.8366438
1.54933e-08,-0.8366555
1.55933e-08,-0.8366399
1.56933e-08,-0.8365803
1.57933e-08,-0.83654
1.58933e-08,-0.8365699
1.59933e-08,-0.8366464
1.60933e-08,-0.8366957
1.61933e-08,-0.8367554
1.62933e-08,-0.8368306
1.63933e-08,-0.8368695
1.64933e-08,-0.836924
1.65933e-08,-0.8369967
1.66933e-08,-0.8370356
1.67933e-08,-0.837046
1.68933e-08,-0.8370421
1.69933e-08,-0.8371238
1.70933e-08,-0.8373171
1.71933e-08,-0.837439
1.72933e-08,-0.837391
1.73933e-08,-0.8372769
1.74933e-08,-0.8371614
1.75933e-08,-0.8370628
1.76933e-08,-0.8371069
1.77933e-08,-0.8372561
1.78933e-08,-0.8373093
1.79933e-08,-0.8372652
1.80933e-08,-0.8372185
1.81933e-08,-0.8371952
1.82933e-08,-0.8371472
1.83933e-08,-0.8369863
1.84933e-08,-0.8368799
1.85933e-08,-0.8369746
1.86933e-08,-0.8371173
1.87933e-08,-0.8372431
1.88933e-08,-0.8373417
1.89933e-08,-0.8373807
1.90933e-08,-0.8373404
1.91933e-08,-0.8372548
1.92933e-08,-0.837247
1.93933e-08,-0.837308
1.94933e-08,-0.8373534
1.95933e-08,-0.8374611
1.96933e-08,-0.837657
1.97933e-08,-0.8378204
1.98933e-08,-0.8378879
1.99933e-08,-0.8379372
2.00933e-08,-0.8380877
2.01933e-08,-0.8383173
2.02933e-08,-0.8384911
2.03933e-08,-0.838604
2.04933e-08,-0.8388141
2.05933e-08,-0.839202
2.06933e-08,-0.8396093
2.07933e-08,-0.8398532
2.08933e-08,-0.8399674
2.09933e-08,-0.8401606
2.10933e-08,-0.8404914
2.11933e-08,-0.8408183
2.12933e-08,-0.8411907
2.13933e-08,-0.8417277
2.14933e-08,-0.8422907
2.15933e-08,-0.8427383
2.16933e-08,-0.8431391
2.17933e-08,-0.8436658
2.18933e-08,-0.8442988
2.19933e-08,-0.8448904
2.20933e-08,-0.8454664
2.21933e-08,-0.8460838
2.22933e-08,-0.8466935
2.23933e-08,-0.8471126
2.24933e-08,-0.8473889
2.25933e-08,-0.8477884
2.26933e-08,-0.8483151
2.27933e-08,-0.8489053
2.28933e-08,-0.8495527
2.29933e-08,-0.8502661
2.30933e-08,-0.8509731
2.31933e-08,-0.8514376
2.32933e-08,-0.8517229
2.33933e-08,-0.8521601
2.34933e-08,-0.8527114
2.35933e-08,-0.8532239
2.36933e-08,-0.853805
2.37933e-08,-0.8544926
2.38933e-08,-0.8551087
2.39933e-08,-0.8555122
2.40933e-08,-0.855865
2.41933e-08,-0.8563684
2.42933e-08,-0.8568652
2.43933e-08,-0.8572297
2.44933e-08,-0.8575411
2.45933e-08,-0.8579354
2.46933e-08,-0.8584945
2.47933e-08,-0.8590212
2.48933e-08,-0.8594389
2.49933e-08,-0.8598696
2.50933e-08,-0.8603366
2.51933e-08,-0.8608322
2.52933e-08,-0.8613809
2.53933e-08,-0.8620036
2.54933e-08,-0.8625834
2.55933e-08,-0.863018
2.56933e-08,-0.8633618
2.57933e-08,-0.8637613
2.58933e-08,-0.864227
2.59933e-08,-0.8645981
2.60933e-08,-0.8648342
2.61933e-08,-0.8650404
2.62933e-08,-0.8653466
2.63933e-08,-0.8656514
2.64933e-08,-0.865881
2.65933e-08,-0.8662326
2.66933e-08,-0.8666503
2.67933e-08,-0.8669967
2.68933e-08,-0.867404
2.69933e-08,-0.8678762
2.70933e-08,-0.8682057
2.71933e-08,-0.8683652
2.72933e-08,-0.8685702
2.73933e-08,-0.8688543
2.74933e-08,-0.8690541
2.75933e-08,-0.8691682
2.76933e-08,-0.8693317
2.77933e-08,-0.8695509
2.78933e-08,-0.8696275
2.79933e-08,-0.8695366
2.80933e-08,-0.8696236
2.81933e-08,-0.8699738
2.82933e-08,-0.8702994
2.83933e-08,-0.8705342
2.84933e-08,-0.8707522
2.85933e-08,-0.8708508
2.86933e-08,-0.8709091
2.87933e-08,-0.8711426
2.88933e-08,-0.8714358
2.89933e-08,-0.8715448
2.90933e-08,-0.8714592
2.91933e-08,-0.8712775
2.92933e-08,-0.8711647
2.93933e-08,-0.8713048
2.94933e-08,-0.8715707
2.95933e-08,-0.8716875
2.96933e-08,-0.8717017
2.97933e-08,-0.8717679
2.98933e-08,-0.8718133
2.99933e-08,-0.8717861
3.00933e-08,-0.8719288
3.01933e-08,-0.872305
3.02933e-08,-0.8725021
3.03933e-08,-0.8723724
3.04933e-08,-0.872266
3.05933e-08,-0.8723089
3.06933e-08,-0.8723257
3.07933e-08,-0.8723698
3.08933e-08,-0.8726189
3.09933e-08,-0.8729211
3.10933e-08,-0.8729484
3.11933e-08,-0.8727551
3.12933e-08,-0.872781
3.13933e-08,-0.8730249
3.14933e-08,-0.8731131
3.15933e-08,-0.8729821
3.16933e-08,-0.8728602
3.17933e-08,-0.8728472
3.18933e-08,-0.8727395
3.19933e-08,-0.8725748
3.20933e-08,-0.8725709
3.21933e-08,-0.872567
3.22933e-08,-0.8724334
3.23933e-08,-0.8722479
3.24933e-08,-0.8721467
3.25933e-08,-0.8721649
3.26933e-08,-0.8720299
3.27933e-08,-0.8716641
3.28933e-08,-0.871428
3.29933e-08,-0.8714786
3.30933e-08,-0.8714968
3.31933e-08,-0.8712775
3.32933e-08,-0.8710648
3.33933e-08,-0.8710103
3.34933e-08,-0.8709818
3.35933e-08,-0.8708897
3.36933e-08,-0.8707431
3.37933e-08,-0.8705693
3.38933e-08,-0.8704356
3.39933e-08,-0.8704266
3.40933e-08,-0.8705018
3.41933e-08,-0.8705161
3.42933e-08,-0.8704188
3.43933e-08,-0.8703422
3.44933e-08,-0.8704862
3.45933e-08,-0.8707029
3.46933e-08,-0.8706069
3.47933e-08,-0.870302
3.48933e-08,-0.8702307
3.49933e-08,-0.8703474
3.50933e-08,-0.87028
3.51933e-08,-0.8700231
3.52933e-08,-0.8698065
3.53933e-08,-0.8697131
3.54933e-08,-0.8696145
3.55933e-08,-0.8693927
3.56933e-08,-0.8691682
3.57933e-08,-0.8691021
3.58933e-08,-0.8690255
3.59933e-08,-0.8687272
3.60933e-08,-0.8683938
3.61933e-08,-0.8682679
3.62933e-08,-0.8682225
3.63933e-08,-0.8680033
3.64933e-08,-0.8677672
3.65933e-08,-0.867692
3.66933e-08,-0.86757
3.67933e-08,-0.8672366
3.68933e-08,-0.8668047
3.69933e-08,-0.866396
3.70933e-08,-0.8660795
3.71933e-08,-0.865776
3.72933e-08,-0.8654205
3.73933e-08,-0.8651494
3.74933e-08,-0.8648679
3.75933e-08,-0.8643827
3.76933e-08,-0.8638794
3.77933e-08,-0.8635473
3.78933e-08,-0.8632632
3.79933e-08,-0.8627482
3.80933e-08,-0.8620477
3.81933e-08,-0.8614899
3.82933e-08,-0.8610021
3.83933e-08,-0.8603963
3.84933e-08,-0.8599033
3.85933e-08,-0.8596115
3.86933e-08,-0.8592664
3.87933e-08,-0.8587825
3.88933e-08,-0.8582974
3.89933e-08,-0.8578498
3.90933e-08,-0.8573413
3.91933e-08,-0.8567342
3.92933e-08,-0.8561595
3.93933e-08,-0.8557626
3.94933e-08,-0.8554045
3.95933e-08,-0.854896
3.96933e-08,-0.8543525
3.97933e-08,-0.8538673
3.98933e-08,-0.853303
3.99933e-08,-0.8526647
4.00933e-08,-0.8521238
4.01933e-08,-0.8517204
4.02933e-08,-0.8513454
4.03933e-08,-0.8508279
4.04933e-08,-0.8502817
4.05933e-08,-0.8498835
4.06933e-08,-0.8494735
4.07933e-08,-0.8489274
4.08933e-08,-0.8483696
4.09933e-08,-0.8480141
4.10933e-08,-0.847769
4.11933e-08,-0.8473785
4.12933e-08,-0.8468038
4.13933e-08,-0.8461772
4.14933e-08,-0.8456454
4.15933e-08,-0.8451576
4.16933e-08,-0.8446322
4.17933e-08,-0.8441133
4.18933e-08,-0.8436035
4.19933e-08,-0.843191
4.20933e-08,-0.8428031
4.21933e-08,-0.8423218
4.22933e-08,-0.8418925
4.23933e-08,-0.8416161
4.24933e-08,-0.8413956
4.25933e-08,-0.8410467
4.26933e-08,-0.8405822
4.27933e-08,-0.8402009
4.28933e-08,-0.8399116
4.29933e-08,-0.8395808
4.30933e-08,-0.8391527
4.31933e-08,-0.8387467
4.32933e-08,-0.838517
4.33933e-08,-0.8383679
4.34933e-08,-0.8381901
4.35933e-08,-0.8380539
4.36933e-08,-0.8378697
4.37933e-08,-0.8374637
4.38933e-08,-0.8369928
4.39933e-08,-0.8366646
4.40933e-08,-0.8364609
4.41933e-08,-0.8363104
4.42933e-08,-0.8361223
4.43933e-08,-0.8358927
4.44933e-08,-0.8356839
4.45933e-08,-0.8355036
4.46933e-08,-0.8353401
4.47933e-08,-0.8351364
4.48933e-08,-0.8348536
4.49933e-08,-0.83448
4.50933e-08,-0.8340584
4.51933e-08,-0.8337588
4.52933e-08,-0.8336057
4.53933e-08,-0.8334422
4.54933e-08,-0.8332308
4.55933e-08,-0.8330738
4.56933e-08,-0.8329713
4.57933e-08,-0.8328935
4.58933e-08,-0.8329519
4.59933e-08,-0.8330608
4.60933e-08,-0.8329947
4.61933e-08,-0.8328299
4.62933e-08,-0.8326795
4.63933e-08,-0.8326146
4.64933e-08,-0.8326483
4.65933e-08,-0.8326496
4.66933e-08,-0.8326846
4.67933e-08,-0.8327975
4.68933e-08,-0.8328714
4.69933e-08,-0.8329415
4.70933e-08,-0.8330167
4.71933e-08,-0.8330544
4.72933e-08,-0.8329752
4.73933e-08,-0.8327729
4.74933e-08,-0.8326444
4.75933e-08,-0.832647
4.76933e-08,-0.8326392
4.77933e-08,-0.8324589
4.78933e-08,-0.8321943
4.79933e-08,-0.8321333
4.80933e-08,-0.8322475
4.81933e-08,-0.8323046
4.82933e-08,-0.8322306
4.83933e-08,-0.8322034
4.84933e-08,-0.8323331
4.85933e-08,-0.8324823
4.86933e-08,-0.8325588
4.87933e-08,-0.832577
4.88933e-08,-0.8325238
4.89933e-08,-0.8323487
4.90933e-08,-0.8322319
4.91933e-08,-0.8323681
4.92933e-08,-0.8325887
4.93933e-08,-0.8327145
4.94933e-08,-0.8327508
4.95933e-08,-0.8328299
4.96933e-08,-0.8330531
4.97933e-08,-0.8332438
4.98933e-08,-0.8332814
4.99933e-08,-0.8333021
5.00933e-08,-0.8333488
5.01933e-08,-0.8334228
5.02933e-08,-0.8335525
5.03933e-08,-0.833629
5.04933e-08,-0.833607
5.05933e-08,-0.8335694
5.06933e-08,-0.8335032
5.07933e-08,-0.8334656
5.08933e-08,-0.8335836
5.09933e-08,-0.8338586
5.10933e-08,-0.8342063
5.11933e-08,-0.8345215
5.12933e-08,-0.834707
5.13933e-08,-0.8347602
5.14933e-08,-0.8347486
5.15933e-08,-0.8347706
5.16933e-08,-0.8348329
5.17933e-08,-0.8348731
5.18933e-08,-0.8349289
5.19933e-08,-0.8350482
5.20933e-08,-0.8352506
5.21933e-08,-0.8354581
5.22933e-08,-0.8355139
5.23933e-08,-0.8354997
5.24933e-08,-0.8355178
5.25933e-08,-0.8354906
5.26933e-08,-0.8354659
5.27933e-08,-0.8355425
5.28933e-08,-0.8356047
5.29933e-08,-0.835632
5.30933e-08,-0.8357202
5.31933e-08,-0.8358681
5.32933e-08,-0.8359978
5.33933e-08,-0.8360536
5.34933e-08,-0.8361483
5.35933e-08,-0.836291
5.36933e-08,-0.8364155
5.37933e-08,-0.836601
5.38933e-08,-0.8367489
5.39933e-08,-0.8367658
5.40933e-08,-0.8367813
5.41933e-08,-0.8367878
5.42933e-08,-0.8367891
5.43933e-08,-0.8368306
5.44933e-08,-0.8368618
5.45933e-08,-0.8369175
5.46933e-08,-0.8369928
5.47933e-08,-0.8370784
5.48933e-08,-0.8372094
5.49933e-08,-0.8373275
5.50933e-08,-0.8373807
5.51933e-08,-0.8373884
5.52933e-08,-0.837334
5.53933e-08,-0.8372496
5.54933e-08,-0.8372003
5.55933e-08,-0.8372302
5.56933e-08,-0.8373962
5.57933e-08,-0.8375571
5.58933e-08,-0.8375869
5.59933e-08,-0.8375662
5.60933e-08,-0.8374987
5.61933e-08,-0.8374105
5.62933e-08,-0.8373197
5.63933e-08,-0.8372315
5.64933e-08,-0.8372341
5.65933e-08,-0.837391
5.66933e-08,-0.8376375
5.67933e-08,-0.8378243
5.68933e-08,-0.8379385
5.69933e-08,-0.8380189
5.70933e-08,-0.8380474
5.71933e-08,-0.8380902
5.72933e-08,-0.8381149
5.73933e-08,-0.8380345
5.74933e-08,-0.8379229
5.75933e-08,-0.8378178
5.76933e-08,-0.8376816
5.77933e-08,-0.8375221
5.78933e-08,-0.8374377
5.79933e-08,-0.8375078
5.80933e-08,-0.8376245
5.81933e-08,-0.8376946
5.82933e-08,-0.8377582
5.83933e-08,-0.8378308
5.84933e-08,-0.8378243
5.85933e-08,-0.8377997
5.86933e-08,-0.8378269
5.87933e-08,-0.8377672
5.88933e-08,-0.8376258
5.89933e-08,-0.8375817
5.90933e-08,-0.8375856
5.91933e-08,-0.8375584
5.92933e-08,-0.837535
5.93933e-08,-0.8375272
5.94933e-08,-0.8374831
5.95933e-08,-0.837321
5.96933e-08,-0.8371251
5.97933e-08,-0.8370226
5.98933e-08,-0.8369993
5.99933e-08,-0.8370538
6.00933e-08,-0.8371874
6.01933e-08,-0.8373171
6.02933e-08,-0.8373768
6.03933e-08,-0.8373871
6.04933e-08,-0.8373781
6.05933e-08,-0.8374144
6.06933e-08,-0.8374857
6.07933e-08,-0.8375298
6.08933e-08,-0.8375869
6.09933e-08,-0.8376609
6.10933e-08,-0.837657
6.11933e-08,-0.8375908
6.12933e-08,-0.8375843
6.13933e-08,-0.8376868
6.14933e-08,-0.8378074
6.15933e-08,-0.8378697
6.16933e-08,-0.8378399
6.17933e-08,-0.837714
6.18933e-08,-0.8376271
6.19933e-08,-0.8376401
6.20933e-08,-0.837631
6.21933e-08,-0.8375752
6.22933e-08,-0.8375363
6.23933e-08,-0.8375234
6.24933e-08,-0.8375234
6.25933e-08,-0.8374831
6.26933e-08,-0.8374105
6.27933e-08,-0.8374105
6.28933e-08,-0.8374728
6.29933e-08,-0.8375208
6.30933e-08,-0.8375389
6.31933e-08,-0.8374961
6.32933e-08,-0.8374157
6.33933e-08,-0.8373664
6.34933e-08,-0.8373521
6.35933e-08,-0.8373988
6.36933e-08,-0.8374805
6.37933e-08,-0.8375298
6.38933e-08,-0.8375869
6.39933e-08,-0.8376609
6.40933e-08,-0.837657
6.41933e-08,-0.8376336
6.42933e-08,-0.837705
6.43933e-08,-0.8377646
6.44933e-08,-0.8377024
6.45933e-08,-0.8375519
6.46933e-08,-0.8374131
6.47933e-08,-0.8373495
6.48933e-08,-0.8373391
6.49933e-08,-0.8373508
6.50933e-08,-0.837404
6.51933e-08,-0.8374844
6.52933e-08,-0.837487
6.53933e-08,-0.8374235
6.54933e-08,-0.8373755
6.55933e-08,-0.8373573
6.56933e-08,-0.8373119
6.57933e-08,-0.8371977
6.58933e-08,-0.8370784
6.59933e-08,-0.8370667
6.60933e-08,-0.8371316
6.61933e-08,-0.8371407
6.62933e-08,-0.8370421
6.63933e-08,-0.8369668
6.64933e-08,-0.8370239
6.65933e-08,-0.8371316
6.66933e-08,-0.8371964
6.67933e-08,-0.8372159
6.68933e-08,-0.837212
6.69933e-08,-0.8371601
6.70933e-08,-0.8370356
6.71933e-08,-0.8369565
6.72933e-08,-0.8369759
6.73933e-08,-0.8369668
6.74933e-08,-0.8369111
6.75933e-08,-0.8368293
6.76933e-08,-0.8367385
6.77933e-08,-0.8367372
6.78933e-08,-0.8367606
6.79933e-08,-0.8366918
6.80933e-08,-0.8366334
6.81933e-08,-0.8366529
6.82933e-08,-0.8366386
6.83933e-08,-0.8366244
6.84933e-08,-0.8366594
6.85933e-08,-0.8366477
6.86933e-08,-0.8365842
6.87933e-08,-0.8364972
6.88933e-08,-0.8363623
6.89933e-08,-0.8361976
6.90933e-08,-0.8360666
6.91933e-08,-0.8360147
6.92933e-08,-0.8360121
6.93933e-08,-0.8360224
6.94933e-08,-0.8360328
6.95933e-08,-0.8359926
6.96933e-08,-0.8358733
6.97933e-08,-0.8357513
6.98933e-08,-0.8357371
6.99933e-08,-0.8358473
7.00933e-08,-0.8358888
7.01933e-08,-0.8357591
7.02933e-08,-0.8356514
7.03933e-08,-0.8356929
7.04933e-08,-0.8357967
7.05933e-08,-0.8358214
7.06933e-08,-0.8358097
7.07933e-08,-0.8359265
7.08933e-08,-0.836147
7.09933e-08,-0.8363234
7.10933e-08,-0.8363532
7.11933e-08,-0.8362404
7.12933e-08,-0.8361029
7.13933e-08,-0.8360302
7.14933e-08,-0.8359706
7.15933e-08,-0.8359031
7.16933e-08,-0.8359096
7.17933e-08,-0.8359783
7.18933e-08,-0.8359835
7.19933e-08,-0.8359252
7.20933e-08,-0.8358798
7.21933e-08,-0.8358201
7.22933e-08,-0.835654
7.23933e-08,-0.8355048
7.24933e-08,-0.8355243
7.25933e-08,-0.8355801
7.26933e-08,-0.8356164
7.27933e-08,-0.8356722
7.28933e-08,-0.8357474
7.29933e-08,-0.8358759
7.30933e-08,-0.8359524
7.31933e-08,-0.8359303
7.32933e-08,-0.8359381
7.33933e-08,-0.8359913
7.34933e-08,-0.8359874
7.35933e-08,-0.8359693
7.36933e-08,-0.8359991
7.37933e-08,-0.8359407
7.38933e-08,-0.8358006
7.39933e-08,-0.8357111
7.40933e-08,-0.8356839
7.41933e-08,-0.8356865
7.42933e-08,-0.8356955
7.43933e-08,-0.8357461
7.44933e-08,-0.8358253
7.45933e-08,-0.8358694
7.46933e-08,-0.8359265
7.47933e-08,-0.8360445
7.48933e-08,-0.83616
7.49933e-08,-0.8362144
7.50933e-08,-0.8362235
7.51933e-08,-0.836217
7.52933e-08,-0.836208
7.53933e-08,-0.83616
7.54933e-08,-0.8361262
7.55933e-08,-0.8361574
7.56933e-08,-0.8361898
7.57933e-08,-0.8362923
7.58933e-08,-0.8364479
7.59933e-08,-0.8365362
7.60933e-08,-0.8366036
7.61933e-08,-0.8366737
7.62933e-08,-0.8367515
7.63933e-08,-0.8368345
7.64933e-08,-0.8368306
7.65933e-08,-0.8368073
7.66933e-08,-0.836876
7.67933e-08,-0.8370213
7.68933e-08,-0.8371549
7.69933e-08,-0.8371718
7.70933e-08,-0.8371043
7.71933e-08,-0.8370927
7.72933e-08,-0.8371446
7.73933e-08,-0.8371018
7.74933e-08,-0.8369668
7.75933e-08,-0.8369214
7.76933e-08,-0.836924
7.77933e-08,-0.8368942
7.78933e-08,-0.8369149
7.79933e-08,-0.8370265
7.80933e-08,-0.8371913
7.81933e-08,-0.8373275
7.82933e-08,-0.8373845
7.83933e-08,-0.8374351
7.84933e-08,-0.8374559
7.85933e-08,-0.8373275
7.86933e-08,-0.8370953
7.87933e-08,-0.8368682
7.88933e-08,-0.8367178
7.89933e-08,-0.8367113
7.90933e-08,-0.8367891
7.91933e-08,-0.8368073
7.92933e-08,-0.8367982
7.93933e-08,-0.8368747
7.94933e-08,-0.8369344
7.95933e-08,-0.8369162
7.96933e-08,-0.8368851
7.97933e-08,-0.8368241
7.98933e-08,-0.8367424
7.99933e-08,-0.8367424
8.00933e-08,-0.8367632
8.01933e-08,-0.8366931
8.02933e-08,-0.8366776
8.03933e-08,-0.8368592
8.04933e-08,-0.8370447
8.05933e-08,-0.8370447
8.06933e-08,-0.8369954
8.07933e-08,-0.837046
8.08933e-08,-0.8371407
8.09933e-08,-0.8371977
8.10933e-08,-0.8372587
8.11933e-08,-0.8373755
8.12933e-08,-0.8374455
8.13933e-08,-0.8373794
8.14933e-08,-0.8373106
8.15933e-08,-0.8374092
8.16933e-08,-0.8375869
8.17933e-08,-0.8376505
8.18933e-08,-0.8376492
8.19933e-08,-0.8376751
8.20933e-08,-0.8377374
8.21933e-08,-0.8378645
8.22933e-08,-0.8379437
8.23933e-08,-0.837967
8.24933e-08,-0.8380513
8.25933e-08,-0.8381058
8.26933e-08,-0.8380384
8.27933e-08,-0.8379281
8.28933e-08,-0.8378645
8.29933e-08,-0.8378036
8.30933e-08,-0.8377296
8.31933e-08,-0.8377361
8.32933e-08,-0.8378049
8.33933e-08,-0.8378529
8.34933e-08,-0.837871
8.35933e-08,-0.8379151
8.36933e-08,-0.8380319
8.37933e-08,-0.8380617
8.38933e-08,-0.8379229
8.39933e-08,-0.8377672
8.40933e-08,-0.837644
8.41933e-08,-0.8375947
8.42933e-08,-0.8376777
8.43933e-08,-0.8377543
8.44933e-08,-0.8377452
8.45933e-08,-0.8377595
8.46933e-08,-0.8378178
8.47933e-08,-0.837858
8.48933e-08,-0.8378282
8.49933e-08,-0.8377076
8.50933e-08,-0.837583
8.51933e-08,-0.8375208
8.52933e-08,-0.8375091
8.53933e-08,-0.8375169
8.54933e-08,-0.8375259
8.55933e-08,-0.8375739
8.56933e-08,-0.8376959
8.57933e-08,-0.8378165
8.58933e-08,-0.8379177
8.59933e-08,-0.8380487
8.60933e-08,-0.8381616
8.61933e-08,-0.8381681
8.62933e-08,-0.838098
8.63933e-08,-0.8380864
8.64933e-08,-0.8381421
8.65933e-08,-0.8381421
8.66933e-08,-0.8380397
8.67933e-08,-0.8379631
8.68933e-08,-0.8380202
8.69933e-08,-0.8380838
8.70933e-08,-0.8380293
8.71933e-08,-0.8379268
8.72933e-08,-0.8379086
8.73933e-08,-0.837967
8.74933e-08,-0.838015
8.75933e-08,-0.838124
8.76933e-08,-0.8382783
8.77933e-08,-0.8383212
8.78933e-08,-0.8383095
8.79933e-08,-0.8383354
8.80933e-08,-0.8382693
8.81933e-08,-0.8380825
8.82933e-08,-0.8379151
