LECROYWaveRunner,41075,Waveform
Segments,1,SegmentSize,1002
Segment,TrigTime,TimeSinceSegment1
#1,12-Nov-2024 18:56:01,0                 
Time,Ampl
-1.18907e-08,-0.8378451
-1.17907e-08,-0.8378516
-1.16907e-08,-0.837858
-1.15907e-08,-0.837775
-1.14907e-08,-0.8376232
-1.13907e-08,-0.8376635
-1.12907e-08,-0.8378671
-1.11907e-08,-0.8379644
-1.10907e-08,-0.8379813
-1.09907e-08,-0.8380111
-1.08907e-08,-0.8379852
-1.07907e-08,-0.8379138
-1.06907e-08,-0.8378243
-1.05907e-08,-0.8376907
-1.04907e-08,-0.8376129
-1.03907e-08,-0.8376349
-1.02907e-08,-0.8377607
-1.01907e-08,-0.83798
-1.00907e-08,-0.8381084
-9.9907e-09,-0.838146
-9.8907e-09,-0.8381395
-9.7907e-09,-0.8380799
-9.6907e-09,-0.8381253
-9.5907e-09,-0.8382628
-9.4907e-09,-0.8383523
-9.3907e-09,-0.8384262
-9.2907e-09,-0.8384561
-9.1907e-09,-0.8383717
-9.0907e-09,-0.8382563
-8.9907e-09,-0.8381927
-8.8907e-09,-0.8382213
-8.7907e-09,-0.838303
-8.6907e-09,-0.8383121
-8.5907e-09,-0.8382537
-8.4907e-09,-0.8382498
-8.3907e-09,-0.838351
-8.2907e-09,-0.8384275
-8.1907e-09,-0.8383705
-8.0907e-09,-0.8383069
-7.9907e-09,-0.8383614
-7.8907e-09,-0.8384639
-7.7907e-09,-0.8385248
-7.6907e-09,-0.8385443
-7.5907e-09,-0.8385404
-7.4907e-09,-0.8384457
-7.3907e-09,-0.8382874
-7.2907e-09,-0.8381966
-7.1907e-09,-0.8381279
-7.0907e-09,-0.8381434
-6.9907e-09,-0.8382187
-6.8907e-09,-0.8381824
-6.7907e-09,-0.8381357
-6.6907e-09,-0.8381097
-6.5907e-09,-0.8380163
-6.4907e-09,-0.8379112
-6.3907e-09,-0.8378554
-6.2907e-09,-0.8378892
-6.1907e-09,-0.8379709
-6.0907e-09,-0.8380228
-5.9907e-09,-0.838041
-5.8907e-09,-0.8379955
-5.7907e-09,-0.8379138
-5.6907e-09,-0.8378645
-5.5907e-09,-0.8378503
-5.4907e-09,-0.8378529
-5.3907e-09,-0.8378593
-5.2907e-09,-0.8378619
-5.1907e-09,-0.8378632
-5.0907e-09,-0.8378632
-4.9907e-09,-0.8378632
-4.8907e-09,-0.8379073
-4.7907e-09,-0.8379826
-4.6907e-09,-0.838028
-4.5907e-09,-0.838041
-4.4907e-09,-0.8379955
-4.3907e-09,-0.8379138
-4.2907e-09,-0.8379086
-4.1907e-09,-0.838015
-4.0907e-09,-0.8380954
-3.9907e-09,-0.8380825
-3.8907e-09,-0.8380941
-3.7907e-09,-0.8381071
-3.6907e-09,-0.8380695
-3.5907e-09,-0.8380825
-3.4907e-09,-0.838146
-3.3907e-09,-0.838146
-3.2907e-09,-0.838041
-3.1907e-09,-0.837919
-3.0907e-09,-0.8378996
-2.9907e-09,-0.8380059
-2.8907e-09,-0.8381785
-2.7907e-09,-0.8383212
-2.6907e-09,-0.8382939
-2.5907e-09,-0.8381045
-2.4907e-09,-0.8379255
-2.3907e-09,-0.8378879
-2.2907e-09,-0.8380397
-2.1907e-09,-0.8382498
-2.0907e-09,-0.8383225
-1.9907e-09,-0.8382758
-1.8907e-09,-0.83822
-1.7907e-09,-0.8381486
-1.6907e-09,-0.838111
-1.5907e-09,-0.8381888
-1.4907e-09,-0.8382576
-1.3907e-09,-0.8382433
-1.2907e-09,-0.8382135
-1.1907e-09,-0.8381966
-1.0907e-09,-0.8381914
-9.90696e-10,-0.8381486
-8.90696e-10,-0.8380734
-7.90696e-10,-0.8380747
-6.90696e-10,-0.8381369
-5.90696e-10,-0.8381408
-4.90696e-10,-0.8380397
-3.90696e-10,-0.8379631
-2.90696e-10,-0.8379761
-1.90696e-10,-0.8379644
-9.06959e-11,-0.8379943
9.30411e-12,-0.8381966
1.09304e-10,-0.8383808
2.09304e-10,-0.8383341
3.09304e-10,-0.8381616
4.09304e-10,-0.838089
5.09304e-10,-0.8381253
6.09304e-10,-0.838172
7.09304e-10,-0.8382407
8.09304e-10,-0.8383679
9.09304e-10,-0.8384859
1.0093e-09,-0.8384963
1.1093e-09,-0.8384288
1.2093e-09,-0.8384197
1.3093e-09,-0.8384301
1.4093e-09,-0.8383977
1.5093e-09,-0.8384133
1.6093e-09,-0.838434
1.7093e-09,-0.8383575
1.8093e-09,-0.8382511
1.9093e-09,-0.8381927
2.0093e-09,-0.8381344
2.1093e-09,-0.838063
2.2093e-09,-0.8380682
2.3093e-09,-0.8381811
2.4093e-09,-0.8382615
2.5093e-09,-0.8382044
2.6093e-09,-0.8381849
2.7093e-09,-0.838316
2.8093e-09,-0.8384626
2.9093e-09,-0.8385378
3.0093e-09,-0.8385975
3.1093e-09,-0.8387077
3.2093e-09,-0.8387752
3.3093e-09,-0.8387064
3.4093e-09,-0.8385962
3.5093e-09,-0.8385741
3.6093e-09,-0.8386299
3.7093e-09,-0.8386351
3.8093e-09,-0.8385806
3.9093e-09,-0.8385806
4.0093e-09,-0.8386403
4.1093e-09,-0.8385962
4.2093e-09,-0.8384172
4.3093e-09,-0.8382952
4.4093e-09,-0.8382524
4.5093e-09,-0.8381668
4.6093e-09,-0.8380708
4.7093e-09,-0.8380656
4.8093e-09,-0.8382187
4.9093e-09,-0.8384223
5.0093e-09,-0.8384885
5.1093e-09,-0.8383536
5.2093e-09,-0.838146
5.3093e-09,-0.8380708
5.4093e-09,-0.8381162
5.5093e-09,-0.8382135
5.6093e-09,-0.8383627
5.7093e-09,-0.8384885
5.8093e-09,-0.838543
5.9093e-09,-0.8385495
6.0093e-09,-0.8385404
6.1093e-09,-0.8385326
6.2093e-09,-0.8384405
6.3093e-09,-0.8382433
6.4093e-09,-0.8381214
6.5093e-09,-0.8380825
6.6093e-09,-0.8379994
6.7093e-09,-0.8379488
6.8093e-09,-0.8380202
6.9093e-09,-0.8381305
7.0093e-09,-0.838194
7.1093e-09,-0.838255
7.2093e-09,-0.8383717
7.3093e-09,-0.8384859
7.4093e-09,-0.8385391
7.5093e-09,-0.8385482
7.6093e-09,-0.8385417
7.7093e-09,-0.8385326
7.8093e-09,-0.8384846
7.9093e-09,-0.8384068
8.0093e-09,-0.8384055
8.1093e-09,-0.838469
8.2093e-09,-0.838517
8.3093e-09,-0.8385352
8.4093e-09,-0.8384924
8.5093e-09,-0.838412
8.6093e-09,-0.8384068
8.7093e-09,-0.8384249
8.8093e-09,-0.8383536
8.9093e-09,-0.8382498
9.0093e-09,-0.8381486
9.1093e-09,-0.8381019
9.2093e-09,-0.8381369
9.3093e-09,-0.8380902
9.4093e-09,-0.8379579
9.5093e-09,-0.8379579
9.6093e-09,-0.8381694
9.7093e-09,-0.8383717
9.8093e-09,-0.8383341
9.9093e-09,-0.838207
1.00093e-08,-0.838255
1.01093e-08,-0.8384107
1.02093e-08,-0.8384716
1.03093e-08,-0.8383873
1.04093e-08,-0.8382641
1.05093e-08,-0.838194
1.06093e-08,-0.8382187
1.07093e-08,-0.8383004
1.08093e-08,-0.8383562
1.09093e-08,-0.8384172
1.10093e-08,-0.8385352
1.11093e-08,-0.8386507
1.12093e-08,-0.8386623
1.13093e-08,-0.8385508
1.14093e-08,-0.8384223
1.15093e-08,-0.8384431
1.16093e-08,-0.8385365
1.17093e-08,-0.8384703
1.18093e-08,-0.838351
1.19093e-08,-0.8383679
1.20093e-08,-0.838412
1.21093e-08,-0.8383977
1.22093e-08,-0.8384184
1.23093e-08,-0.8383938
1.24093e-08,-0.8382822
1.25093e-08,-0.8382498
1.26093e-08,-0.8382991
1.27093e-08,-0.8383899
1.28093e-08,-0.8384859
1.29093e-08,-0.8385339
1.30093e-08,-0.8385002
1.31093e-08,-0.8384184
1.32093e-08,-0.8383653
1.33093e-08,-0.8383069
1.34093e-08,-0.8381875
1.35093e-08,-0.8380721
1.36093e-08,-0.8380604
1.37093e-08,-0.8381279
1.38093e-08,-0.8382252
1.39093e-08,-0.8383666
1.40093e-08,-0.8384457
1.41093e-08,-0.8383795
1.42093e-08,-0.8382654
1.43093e-08,-0.8381966
1.44093e-08,-0.8381785
1.45093e-08,-0.8381824
1.46093e-08,-0.838146
1.47093e-08,-0.8380747
1.48093e-08,-0.8380747
1.49093e-08,-0.8381369
1.50093e-08,-0.8381849
1.51093e-08,-0.8381603
1.52093e-08,-0.8380838
1.53093e-08,-0.8380786
1.54093e-08,-0.8381382
1.55093e-08,-0.8381849
1.56093e-08,-0.8382472
1.57093e-08,-0.8383238
1.58093e-08,-0.8383653
1.59093e-08,-0.8383743
1.60093e-08,-0.8383263
1.61093e-08,-0.8382459
1.62093e-08,-0.8381966
1.63093e-08,-0.8381824
1.64093e-08,-0.8381849
1.65093e-08,-0.8381473
1.66093e-08,-0.8380306
1.67093e-08,-0.8379112
1.68093e-08,-0.8378516
1.69093e-08,-0.8378412
1.70093e-08,-0.837849
1.71093e-08,-0.8379021
1.72093e-08,-0.8380708
1.73093e-08,-0.8383121
1.74093e-08,-0.8384483
1.75093e-08,-0.8384405
1.76093e-08,-0.8383977
1.77093e-08,-0.8383238
1.78093e-08,-0.8381927
1.79093e-08,-0.8380721
1.80093e-08,-0.8380604
1.81093e-08,-0.8381279
1.82093e-08,-0.8381369
1.83093e-08,-0.8380384
1.84093e-08,-0.837919
1.85093e-08,-0.8378567
1.86093e-08,-0.8378425
1.87093e-08,-0.8378931
1.88093e-08,-0.8380215
1.89093e-08,-0.8381486
1.90093e-08,-0.838207
1.91093e-08,-0.8382174
1.92093e-08,-0.8382096
1.93093e-08,-0.8382005
1.94093e-08,-0.8381953
1.95093e-08,-0.8382381
1.96093e-08,-0.8383588
1.97093e-08,-0.8384807
1.98093e-08,-0.8385819
1.99093e-08,-0.838757
2.00093e-08,-0.8389464
2.01093e-08,-0.8390411
2.02093e-08,-0.8391475
2.03093e-08,-0.8393758
2.04093e-08,-0.8396923
2.05093e-08,-0.8399972
2.06093e-08,-0.8402268
2.07093e-08,-0.840446
2.08093e-08,-0.8406341
2.09093e-08,-0.8408456
2.10093e-08,-0.8413022
2.11093e-08,-0.8418912
2.12093e-08,-0.8423815
2.13093e-08,-0.8427629
2.14093e-08,-0.8431313
2.15093e-08,-0.8434777
2.16093e-08,-0.8436801
2.17093e-08,-0.8438682
2.18093e-08,-0.8442158
2.19093e-08,-0.84464
2.20093e-08,-0.8451252
2.21093e-08,-0.8457647
2.22093e-08,-0.8464159
2.23093e-08,-0.8468596
2.24093e-08,-0.8471865
2.25093e-08,-0.8476185
2.26093e-08,-0.8481555
2.27093e-08,-0.8486576
2.28093e-08,-0.8491051
2.29093e-08,-0.8496513
2.30093e-08,-0.8503297
2.31093e-08,-0.8509057
2.32093e-08,-0.8512832
2.33093e-08,-0.8516698
2.34093e-08,-0.8522042
2.35093e-08,-0.8527594
2.36093e-08,-0.8532472
2.37093e-08,-0.8538102
2.38093e-08,-0.8545328
2.39093e-08,-0.8552683
2.40093e-08,-0.8557963
2.41093e-08,-0.8562088
2.42093e-08,-0.8568094
2.43093e-08,-0.8575372
2.44093e-08,-0.8580924
2.45093e-08,-0.8584842
2.46093e-08,-0.8589304
2.47093e-08,-0.8594182
2.48093e-08,-0.8598346
2.49093e-08,-0.8602315
2.50093e-08,-0.8607206
2.51093e-08,-0.861281
2.52093e-08,-0.8616974
2.53093e-08,-0.8620308
2.54093e-08,-0.862516
2.55093e-08,-0.863005
2.56093e-08,-0.8633242
2.57093e-08,-0.8634746
2.58093e-08,-0.8635862
2.59093e-08,-0.8638457
2.60093e-08,-0.8641829
2.61093e-08,-0.8645838
2.62093e-08,-0.8651403
2.63093e-08,-0.8655762
2.64093e-08,-0.8657941
2.65093e-08,-0.8661003
2.66093e-08,-0.8665322
2.67093e-08,-0.8669033
2.68093e-08,-0.8671925
2.69093e-08,-0.8675687
2.70093e-08,-0.8680786
2.71093e-08,-0.8684405
2.72093e-08,-0.8684872
2.73093e-08,-0.8685105
2.74093e-08,-0.8687752
2.75093e-08,-0.8690982
2.76093e-08,-0.8693096
2.77093e-08,-0.8695561
2.78093e-08,-0.8698986
2.79093e-08,-0.8701749
2.80093e-08,-0.8703306
2.81093e-08,-0.8705926
2.82093e-08,-0.8710064
2.83093e-08,-0.8713307
2.84093e-08,-0.8715046
2.85093e-08,-0.8716771
2.86093e-08,-0.8719327
2.87093e-08,-0.8722077
2.88093e-08,-0.8723867
2.89093e-08,-0.8724905
2.90093e-08,-0.8726487
2.91093e-08,-0.872781
2.92093e-08,-0.872794
2.93093e-08,-0.8728991
2.94093e-08,-0.87306
2.95093e-08,-0.873021
2.96093e-08,-0.8729471
2.97093e-08,-0.8730768
2.98093e-08,-0.8732818
2.99093e-08,-0.8733985
3.00093e-08,-0.8733869
3.01093e-08,-0.8733466
3.02093e-08,-0.8734063
3.03093e-08,-0.8734608
3.04093e-08,-0.873488
3.05093e-08,-0.8735789
3.06093e-08,-0.8736826
3.07093e-08,-0.8737358
3.08093e-08,-0.8738785
3.09093e-08,-0.8741886
3.10093e-08,-0.8743831
3.11093e-08,-0.8742677
3.12093e-08,-0.874042
3.13093e-08,-0.8739486
3.14093e-08,-0.8739382
3.15093e-08,-0.8738694
3.16093e-08,-0.8738214
3.17093e-08,-0.8738902
3.18093e-08,-0.8739979
3.19093e-08,-0.8739732
3.20093e-08,-0.8737501
3.21093e-08,-0.8735477
3.22093e-08,-0.8734997
3.23093e-08,-0.8733882
3.24093e-08,-0.8731443
3.25093e-08,-0.8729912
3.26093e-08,-0.8730301
3.27093e-08,-0.8731015
3.28093e-08,-0.8729691
3.29093e-08,-0.8727655
3.30093e-08,-0.8727356
3.31093e-08,-0.872724
3.32093e-08,-0.8726384
3.33093e-08,-0.8726202
3.34093e-08,-0.8726306
3.35093e-08,-0.8725125
3.36093e-08,-0.8722894
3.37093e-08,-0.8721558
3.38093e-08,-0.8722051
3.39093e-08,-0.8722764
3.40093e-08,-0.8722297
3.41093e-08,-0.8721765
3.42093e-08,-0.8721908
3.43093e-08,-0.8720429
3.44093e-08,-0.8717108
3.45093e-08,-0.871502
3.46093e-08,-0.871393
3.47093e-08,-0.8711932
3.48093e-08,-0.8709429
3.49093e-08,-0.8708105
3.50093e-08,-0.8708663
3.51093e-08,-0.8709
3.52093e-08,-0.8707807
3.53093e-08,-0.8707262
3.54093e-08,-0.8708482
3.55093e-08,-0.8709117
3.56093e-08,-0.8708391
3.57093e-08,-0.8708546
3.58093e-08,-0.8709299
3.59093e-08,-0.8707638
3.60093e-08,-0.8704434
3.61093e-08,-0.8703383
3.62093e-08,-0.8703889
3.63093e-08,-0.8703254
3.64093e-08,-0.8701749
3.65093e-08,-0.8701256
3.66093e-08,-0.8701723
3.67093e-08,-0.8700893
3.68093e-08,-0.8697092
3.69093e-08,-0.8692759
3.70093e-08,-0.8690515
3.71093e-08,-0.8688297
3.72093e-08,-0.8684184
3.73093e-08,-0.867954
3.74093e-08,-0.8674987
3.75093e-08,-0.8669798
3.76093e-08,-0.8663221
3.77093e-08,-0.8656696
3.78093e-08,-0.8652272
3.79093e-08,-0.8649003
3.80093e-08,-0.8644709
3.81093e-08,-0.8639793
3.82093e-08,-0.8635525
3.83093e-08,-0.8631516
3.84093e-08,-0.8626613
3.85093e-08,-0.8621437
3.86093e-08,-0.861761
3.87093e-08,-0.8613965
3.88093e-08,-0.8608348
3.89093e-08,-0.860168
3.90093e-08,-0.8596024
3.91093e-08,-0.8591445
3.92093e-08,-0.8586943
3.93093e-08,-0.8583077
3.94093e-08,-0.8579692
3.95093e-08,-0.857471
3.96093e-08,-0.8568419
3.97093e-08,-0.8562905
3.98093e-08,-0.8558754
3.99093e-08,-0.8554538
4.00093e-08,-0.8548584
4.01093e-08,-0.8543109
4.02093e-08,-0.8539775
4.03093e-08,-0.8535274
4.04093e-08,-0.8528905
4.05093e-08,-0.8523184
4.06093e-08,-0.8518903
4.07093e-08,-0.8514648
4.08093e-08,-0.8509576
4.09093e-08,-0.8505217
4.10093e-08,-0.8501598
4.11093e-08,-0.8497434
4.12093e-08,-0.8492725
4.13093e-08,-0.8488158
4.14093e-08,-0.848428
4.15093e-08,-0.848044
4.16093e-08,-0.8475588
4.17093e-08,-0.8469945
4.18093e-08,-0.8464004
4.19093e-08,-0.8457595
4.20093e-08,-0.8451823
4.21093e-08,-0.8446634
4.22093e-08,-0.8441276
4.23093e-08,-0.8436061
4.24093e-08,-0.8431456
4.25093e-08,-0.842855
4.26093e-08,-0.8426786
4.27093e-08,-0.8424503
4.28093e-08,-0.8421558
4.29093e-08,-0.8418211
4.30093e-08,-0.8414358
4.31093e-08,-0.8410207
4.32093e-08,-0.8406406
4.33093e-08,-0.8402527
4.34093e-08,-0.8398039
4.35093e-08,-0.839311
4.36093e-08,-0.838936
4.37093e-08,-0.8387454
4.38093e-08,-0.8385313
4.39093e-08,-0.8382044
4.40093e-08,-0.8378892
4.41093e-08,-0.8376544
4.42093e-08,-0.8375221
4.43093e-08,-0.8374883
4.44093e-08,-0.8375
4.45093e-08,-0.8374741
4.46093e-08,-0.8371887
4.47093e-08,-0.8366347
4.48093e-08,-0.8361677
4.49093e-08,-0.8359252
4.50093e-08,-0.8357851
4.51093e-08,-0.835702
4.52093e-08,-0.8356774
4.53093e-08,-0.8356385
4.54093e-08,-0.8355295
4.55093e-08,-0.8353712
4.56093e-08,-0.8352415
4.57093e-08,-0.8351857
4.58093e-08,-0.8350495
4.59093e-08,-0.8347447
4.60093e-08,-0.8344671
4.61093e-08,-0.8342971
4.62093e-08,-0.8341596
4.63093e-08,-0.8341466
4.64093e-08,-0.8342621
4.65093e-08,-0.8342647
4.66093e-08,-0.8341051
4.67093e-08,-0.8339404
4.68093e-08,-0.8339066
4.69093e-08,-0.8339689
4.70093e-08,-0.8339819
4.71093e-08,-0.8338859
4.72093e-08,-0.8338132
4.73093e-08,-0.8337808
4.74093e-08,-0.8336926
4.75093e-08,-0.8335901
4.76093e-08,-0.8335395
4.77093e-08,-0.8335279
4.78093e-08,-0.8334461
4.79093e-08,-0.8333008
4.80093e-08,-0.8333021
4.81093e-08,-0.8333865
4.82093e-08,-0.8333177
4.83093e-08,-0.8332009
4.84093e-08,-0.8332619
4.85093e-08,-0.8333839
4.86093e-08,-0.8333709
4.87093e-08,-0.8332853
4.88093e-08,-0.8332243
4.89093e-08,-0.8332022
4.90093e-08,-0.833114
4.91093e-08,-0.8329674
4.92093e-08,-0.8330141
4.93093e-08,-0.8332619
4.94093e-08,-0.8334345
4.95093e-08,-0.8334967
4.96093e-08,-0.8336277
4.97093e-08,-0.8337951
4.98093e-08,-0.8338418
4.99093e-08,-0.8338314
5.00093e-08,-0.8338989
5.01093e-08,-0.8339949
5.02093e-08,-0.8340467
5.03093e-08,-0.8341038
5.04093e-08,-0.8342206
5.05093e-08,-0.8343347
5.06093e-08,-0.8343879
5.07093e-08,-0.8344839
5.08093e-08,-0.8347615
5.09093e-08,-0.8350716
5.10093e-08,-0.8352285
5.11093e-08,-0.8353492
5.12093e-08,-0.835571
5.13093e-08,-0.8357902
5.14093e-08,-0.8359381
5.15093e-08,-0.8361197
5.16093e-08,-0.8363027
5.17093e-08,-0.8363455
5.18093e-08,-0.8362391
5.19093e-08,-0.8361496
5.20093e-08,-0.8361976
5.21093e-08,-0.8362572
5.22093e-08,-0.8362456
5.23093e-08,-0.8363078
5.24093e-08,-0.836531
5.25093e-08,-0.8367256
5.26093e-08,-0.8367217
5.27093e-08,-0.8366672
5.28093e-08,-0.8367152
5.29093e-08,-0.8368955
5.30093e-08,-0.8371485
5.31093e-08,-0.8373327
5.32093e-08,-0.8374014
5.33093e-08,-0.8374014
5.34093e-08,-0.8373391
5.35093e-08,-0.8372496
5.36093e-08,-0.8372003
5.37093e-08,-0.837142
5.38093e-08,-0.8371134
5.39093e-08,-0.8372367
5.40093e-08,-0.837513
5.41093e-08,-0.8377724
5.42093e-08,-0.8378477
5.43093e-08,-0.8377893
5.44093e-08,-0.8377698
5.45093e-08,-0.8378139
5.46093e-08,-0.8378541
5.47093e-08,-0.8379138
5.48093e-08,-0.8379917
5.49093e-08,-0.8379891
5.50093e-08,-0.8379229
5.51093e-08,-0.8379605
5.52093e-08,-0.8380954
5.53093e-08,-0.8381408
5.54093e-08,-0.8381382
5.55093e-08,-0.8382563
5.56093e-08,-0.8384742
5.57093e-08,-0.8386065
5.58093e-08,-0.8386014
5.59093e-08,-0.8386065
5.60093e-08,-0.8386987
5.61093e-08,-0.8387648
5.62093e-08,-0.8387467
5.63093e-08,-0.8387583
5.64093e-08,-0.8387713
5.65093e-08,-0.8387778
5.66093e-08,-0.8389101
5.67093e-08,-0.8390515
5.68093e-08,-0.8390333
5.69093e-08,-0.8388932
5.70093e-08,-0.8387505
5.71093e-08,-0.8387259
5.72093e-08,-0.8388323
5.73093e-08,-0.8389633
5.74093e-08,-0.8389451
5.75093e-08,-0.8388076
5.76093e-08,-0.8387959
5.77093e-08,-0.838914
5.78093e-08,-0.8389607
5.79093e-08,-0.8389218
5.80093e-08,-0.8388349
5.81093e-08,-0.8386922
5.82093e-08,-0.8385663
5.83093e-08,-0.8385119
5.84093e-08,-0.8385054
5.85093e-08,-0.8385144
5.86093e-08,-0.8385222
5.87093e-08,-0.8385702
5.88093e-08,-0.8386922
5.89093e-08,-0.8387687
5.90093e-08,-0.8387077
5.91093e-08,-0.8386831
5.92093e-08,-0.83877
5.93093e-08,-0.8387103
5.94093e-08,-0.8384664
5.95093e-08,-0.8383017
5.96093e-08,-0.8383315
5.97093e-08,-0.8384418
5.98093e-08,-0.8385157
5.99093e-08,-0.8385858
6.00093e-08,-0.8387051
6.01093e-08,-0.8387739
6.02093e-08,-0.8387505
6.03093e-08,-0.8387596
6.04093e-08,-0.8387713
6.05093e-08,-0.8386468
6.06093e-08,-0.8384197
6.07093e-08,-0.8382394
6.08093e-08,-0.8381668
6.09093e-08,-0.8381603
6.10093e-08,-0.8381759
6.11093e-08,-0.838146
6.12093e-08,-0.8381188
6.13093e-08,-0.8382381
6.14093e-08,-0.8384223
6.15093e-08,-0.8385287
6.16093e-08,-0.8385573
6.17093e-08,-0.8385495
6.18093e-08,-0.8384924
6.19093e-08,-0.8384081
6.20093e-08,-0.8384055
6.21093e-08,-0.838469
6.22093e-08,-0.8384729
6.23093e-08,-0.8384159
6.24093e-08,-0.8384146
6.25093e-08,-0.8384742
6.26093e-08,-0.8385183
6.27093e-08,-0.8385352
6.28093e-08,-0.8385793
6.29093e-08,-0.838652
6.30093e-08,-0.8386494
6.31093e-08,-0.8386286
6.32093e-08,-0.8386584
6.33093e-08,-0.8386403
6.34093e-08,-0.8385767
6.35093e-08,-0.8385339
6.36093e-08,-0.8385624
6.37093e-08,-0.838639
6.38093e-08,-0.8386442
6.39093e-08,-0.8386286
6.40093e-08,-0.8387025
6.41093e-08,-0.8387168
6.42093e-08,-0.8385352
6.43093e-08,-0.8383497
6.44093e-08,-0.8383497
6.45093e-08,-0.8384418
6.46093e-08,-0.8384249
6.47093e-08,-0.838255
6.48093e-08,-0.8381331
6.49093e-08,-0.8381318
6.50093e-08,-0.8381642
6.51093e-08,-0.838146
6.52093e-08,-0.8381227
6.53093e-08,-0.8381979
6.54093e-08,-0.8382161
6.55093e-08,-0.8381227
6.56093e-08,-0.8381357
6.57093e-08,-0.8382576
6.58093e-08,-0.8382589
6.59093e-08,-0.8381824
6.60093e-08,-0.838255
6.61093e-08,-0.8383756
6.62093e-08,-0.8383562
6.63093e-08,-0.8383108
6.64093e-08,-0.8383692
6.65093e-08,-0.8384249
6.66093e-08,-0.8383627
6.67093e-08,-0.8382576
6.68093e-08,-0.8381097
6.69093e-08,-0.8378957
6.70093e-08,-0.837775
6.71093e-08,-0.837788
6.72093e-08,-0.8378308
6.73093e-08,-0.837858
6.74093e-08,-0.8378671
6.75093e-08,-0.8378671
6.76093e-08,-0.8378645
6.77093e-08,-0.8378632
6.78093e-08,-0.8378191
6.79093e-08,-0.8377439
6.80093e-08,-0.8377413
6.81093e-08,-0.8378049
6.82093e-08,-0.8378087
6.83093e-08,-0.8377517
6.84093e-08,-0.8377504
6.85093e-08,-0.8377659
6.86093e-08,-0.8376894
6.87093e-08,-0.8376297
6.88093e-08,-0.8376051
6.89093e-08,-0.8375597
6.90093e-08,-0.8375311
6.91093e-08,-0.8374364
6.92093e-08,-0.837286
6.93093e-08,-0.8372419
6.94093e-08,-0.8372937
6.95093e-08,-0.8373015
6.96093e-08,-0.8372496
6.97093e-08,-0.8372509
6.98093e-08,-0.8373119
6.99093e-08,-0.8373547
7.00093e-08,-0.8373729
7.01093e-08,-0.8373742
7.02093e-08,-0.8373262
7.03093e-08,-0.8372016
7.04093e-08,-0.8371238
7.05093e-08,-0.837142
7.06093e-08,-0.8371329
7.07093e-08,-0.8370771
7.08093e-08,-0.8370823
7.09093e-08,-0.8371446
7.10093e-08,-0.83719
7.11093e-08,-0.8372496
7.12093e-08,-0.8373275
7.13093e-08,-0.837369
7.14093e-08,-0.8374222
7.15093e-08,-0.8374507
7.16093e-08,-0.8373703
7.17093e-08,-0.8372587
7.18093e-08,-0.8371964
7.19093e-08,-0.8371809
7.20093e-08,-0.8371861
7.21093e-08,-0.8371939
7.22093e-08,-0.837199
7.23093e-08,-0.837199
7.24093e-08,-0.837199
7.25093e-08,-0.8372431
7.26093e-08,-0.8372756
7.27093e-08,-0.8371575
7.28093e-08,-0.8369279
7.29093e-08,-0.8367904
7.30093e-08,-0.8367917
7.31093e-08,-0.8367878
7.32093e-08,-0.836828
7.33093e-08,-0.8369461
7.34093e-08,-0.8369798
7.35093e-08,-0.8369292
7.36093e-08,-0.8368825
7.37093e-08,-0.8369059
7.38093e-08,-0.8369798
7.39093e-08,-0.8370706
7.40093e-08,-0.8372081
7.41093e-08,-0.8372406
7.42093e-08,-0.8371407
7.43093e-08,-0.8371446
7.44093e-08,-0.8372626
7.45093e-08,-0.8373482
7.46093e-08,-0.837382
7.47093e-08,-0.8373378
7.48093e-08,-0.8372535
7.49093e-08,-0.8372016
7.50093e-08,-0.837142
7.51093e-08,-0.8370693
7.52093e-08,-0.8370304
7.53093e-08,-0.8370641
7.54093e-08,-0.8371874
7.55093e-08,-0.8373145
7.56093e-08,-0.8374196
7.57093e-08,-0.8375506
7.58093e-08,-0.8376635
7.59093e-08,-0.8377128
7.60093e-08,-0.8377192
7.61093e-08,-0.8377102
7.62093e-08,-0.8377024
7.63093e-08,-0.8376972
7.64093e-08,-0.8376972
7.65093e-08,-0.8376531
7.66093e-08,-0.8375778
7.67093e-08,-0.8375752
7.68093e-08,-0.8376829
7.69093e-08,-0.8378062
7.70093e-08,-0.8379138
7.71093e-08,-0.8380474
7.72093e-08,-0.8381188
7.73093e-08,-0.8380474
7.74093e-08,-0.837932
7.75093e-08,-0.8378645
7.76093e-08,-0.8378464
7.77093e-08,-0.8378503
7.78093e-08,-0.837858
7.79093e-08,-0.8378632
7.80093e-08,-0.8378632
7.81093e-08,-0.8379073
7.82093e-08,-0.8380267
7.83093e-08,-0.8381914
7.84093e-08,-0.8383705
7.85093e-08,-0.8385028
7.86093e-08,-0.8385521
7.87093e-08,-0.8385975
7.88093e-08,-0.8387051
7.89093e-08,-0.8387726
7.90093e-08,-0.8387077
7.91093e-08,-0.8385962
7.92093e-08,-0.83853
7.93093e-08,-0.8385975
7.94093e-08,-0.8387544
7.95093e-08,-0.8388089
7.96093e-08,-0.8387635
7.97093e-08,-0.8386701
7.98093e-08,-0.8385261
7.99093e-08,-0.8384003
8.00093e-08,-0.8383458
8.01093e-08,-0.838338
8.02093e-08,-0.8383484
8.03093e-08,-0.8383121
8.04093e-08,-0.8382407
8.05093e-08,-0.8381966
8.06093e-08,-0.8381836
8.07093e-08,-0.8381849
8.08093e-08,-0.8381914
8.09093e-08,-0.8382381
8.10093e-08,-0.838316
8.11093e-08,-0.8383173
8.12093e-08,-0.8382537
8.13093e-08,-0.8382057
8.14093e-08,-0.8381875
8.15093e-08,-0.8381862
8.16093e-08,-0.8381914
8.17093e-08,-0.838194
8.18093e-08,-0.8381953
8.19093e-08,-0.8381953
8.20093e-08,-0.8382394
8.21093e-08,-0.8383147
8.22093e-08,-0.8383173
8.23093e-08,-0.8382978
8.24093e-08,-0.8383692
8.25093e-08,-0.8384288
8.26093e-08,-0.8383666
8.27093e-08,-0.8383899
8.28093e-08,-0.8385573
8.29093e-08,-0.8385871
8.30093e-08,-0.8385196
8.31093e-08,-0.8385936
8.32093e-08,-0.8387544
8.33093e-08,-0.8387661
8.34093e-08,-0.8386442
8.35093e-08,-0.8385508
8.36093e-08,-0.8385131
8.37093e-08,-0.8385534
8.38093e-08,-0.8386818
8.39093e-08,-0.8388543
8.40093e-08,-0.8390359
8.41093e-08,-0.839167
8.42093e-08,-0.8392604
8.43093e-08,-0.8393823
8.44093e-08,-0.8394472
8.45093e-08,-0.8393758
8.46093e-08,-0.8393045
8.47093e-08,-0.8393135
8.48093e-08,-0.8392967
8.49093e-08,-0.8392798
8.50093e-08,-0.8392733
8.51093e-08,-0.8391851
8.52093e-08,-0.8390762
8.53093e-08,-0.8389763
8.54093e-08,-0.8388439
8.55093e-08,-0.8387285
8.56093e-08,-0.8386766
8.57093e-08,-0.8387155
8.58093e-08,-0.8388011
8.59093e-08,-0.8388102
8.60093e-08,-0.8387518
8.61093e-08,-0.8387479
8.62093e-08,-0.838805
8.63093e-08,-0.8388063
8.64093e-08,-0.8387908
8.65093e-08,-0.838866
8.66093e-08,-0.8389711
8.67093e-08,-0.839071
8.68093e-08,-0.8391631
8.69093e-08,-0.8390723
8.70093e-08,-0.8388491
8.71093e-08,-0.8387492
8.72093e-08,-0.8387376
8.73093e-08,-0.8386662
8.74093e-08,-0.8386182
8.75093e-08,-0.8387311
8.76093e-08,-0.8389594
8.77093e-08,-0.8391436
8.78093e-08,-0.8392188
8.79093e-08,-0.8391825
8.80093e-08,-0.8390904
8.81093e-08,-0.839119
8.82093e-08,-0.8392098
