LECROYWaveRunner,41075,Waveform
Segments,1,SegmentSize,1002
Segment,TrigTime,TimeSinceSegment1
#1,12-Nov-2024 18:55:56,0                 
Time,Ampl
-1.18629e-08,-0.8359342
-1.17629e-08,-0.8359693
-1.16629e-08,-0.8361457
-1.15629e-08,-0.8362248
-1.14629e-08,-0.8361042
-1.13629e-08,-0.8360367
-1.12629e-08,-0.8361055
-1.11629e-08,-0.8360873
-1.10629e-08,-0.8360134
-1.09629e-08,-0.8360484
-1.08629e-08,-0.8361405
-1.07629e-08,-0.8361963
-1.06629e-08,-0.8361716
-1.05629e-08,-0.8360951
-1.04629e-08,-0.8360873
-1.03629e-08,-0.8361444
-1.02629e-08,-0.8361483
-1.01629e-08,-0.8360912
-1.00629e-08,-0.8360471
-9.96289e-09,-0.8360289
-9.86289e-09,-0.8360276
-9.76289e-09,-0.8359887
-9.66289e-09,-0.8359161
-9.56289e-09,-0.835872
-9.46289e-09,-0.8359018
-9.36289e-09,-0.836025
-9.26289e-09,-0.8361081
-9.16289e-09,-0.8360497
-9.06289e-09,-0.8359835
-8.96289e-09,-0.8360367
-8.86289e-09,-0.8360951
-8.76289e-09,-0.8360808
-8.66289e-09,-0.8360536
-8.56289e-09,-0.8360821
-8.46289e-09,-0.8361522
-8.36289e-09,-0.8361107
-8.26289e-09,-0.8359732
-8.16289e-09,-0.8359265
-8.06289e-09,-0.8359706
-7.96289e-09,-0.8359732
-7.86289e-09,-0.83592
-7.76289e-09,-0.8359226
-7.66289e-09,-0.8359835
-7.56289e-09,-0.8359835
-7.46289e-09,-0.8359239
-7.36289e-09,-0.8358798
-7.26289e-09,-0.8358629
-7.16289e-09,-0.8358616
-7.06289e-09,-0.8358668
-6.96289e-09,-0.8359135
-6.86289e-09,-0.8359913
-6.76289e-09,-0.8359926
-6.66289e-09,-0.835929
-6.56289e-09,-0.835881
-6.46289e-09,-0.8359057
-6.36289e-09,-0.8359822
-6.26289e-09,-0.8359446
-6.16289e-09,-0.8358084
-6.06289e-09,-0.8357163
-5.96289e-09,-0.8356839
-5.86289e-09,-0.8356865
-5.76289e-09,-0.8356527
-5.66289e-09,-0.8355827
-5.56289e-09,-0.835584
-5.46289e-09,-0.8356462
-5.36289e-09,-0.8357371
-5.26289e-09,-0.835833
-5.16289e-09,-0.8357915
-5.06289e-09,-0.8356475
-4.96289e-09,-0.8355503
-4.86289e-09,-0.8355178
-4.76289e-09,-0.8355204
-4.66289e-09,-0.8355736
-4.56289e-09,-0.8357007
-4.46289e-09,-0.8357812
-4.36289e-09,-0.8358058
-4.26289e-09,-0.8359342
-4.16289e-09,-0.8361107
-4.06289e-09,-0.8361651
-3.96289e-09,-0.8361133
-3.86289e-09,-0.8360601
-3.76289e-09,-0.83599
-3.66289e-09,-0.8359083
-3.56289e-09,-0.8359096
-3.46289e-09,-0.8359783
-3.36289e-09,-0.8360263
-3.26289e-09,-0.8360886
-3.16289e-09,-0.8361651
-3.06289e-09,-0.8361625
-2.96289e-09,-0.8360951
-2.86289e-09,-0.8360899
-2.76289e-09,-0.8361042
-2.66289e-09,-0.8360289
-2.56289e-09,-0.8359693
-2.46289e-09,-0.8359887
-2.36289e-09,-0.8359316
-2.26289e-09,-0.8357085
-2.16289e-09,-0.835427
-2.06289e-09,-0.8353206
-1.96289e-09,-0.8354919
-1.86289e-09,-0.8357371
-1.76289e-09,-0.8358733
-1.66289e-09,-0.8359537
-1.56289e-09,-0.8360614
-1.46289e-09,-0.8361664
-1.36289e-09,-0.8361716
-1.26289e-09,-0.836016
-1.16289e-09,-0.8358992
-1.06289e-09,-0.8359822
-9.62893e-10,-0.8360341
-8.62893e-10,-0.8359628
-7.62893e-10,-0.8358953
-6.62893e-10,-0.8358629
-5.62893e-10,-0.8359018
-4.62893e-10,-0.8360263
-3.62893e-10,-0.8361094
-2.62893e-10,-0.8360951
-1.62893e-10,-0.8360588
-6.28935e-11,-0.836038
3.71065e-11,-0.8361197
1.37107e-10,-0.8362728
2.37107e-10,-0.8363221
3.37107e-10,-0.8362728
4.37107e-10,-0.8363104
5.37107e-10,-0.8364389
6.37107e-10,-0.8364817
7.37107e-10,-0.8364778
8.37107e-10,-0.8364648
9.37107e-10,-0.8363675
1.03711e-09,-0.8363416
1.13711e-09,-0.8365232
1.23711e-09,-0.8367541
1.33711e-09,-0.8367904
1.43711e-09,-0.8365336
1.53711e-09,-0.8362469
1.63711e-09,-0.8362767
1.73711e-09,-0.8364635
1.83711e-09,-0.8365089
1.93711e-09,-0.8364479
2.03711e-09,-0.8363883
2.13711e-09,-0.8364051
2.23711e-09,-0.8365206
2.33711e-09,-0.8365608
2.43711e-09,-0.8363844
2.53711e-09,-0.8361963
2.63711e-09,-0.8361483
2.73711e-09,-0.8361638
2.83711e-09,-0.8361872
2.93711e-09,-0.8361587
3.03711e-09,-0.8360419
3.13711e-09,-0.83592
3.23711e-09,-0.8359031
3.33711e-09,-0.8359693
3.43711e-09,-0.8360224
3.53711e-09,-0.8360445
3.63711e-09,-0.8360899
3.73711e-09,-0.8361613
3.83711e-09,-0.8361587
3.93711e-09,-0.8360951
4.03711e-09,-0.8360471
4.13711e-09,-0.8360289
4.23711e-09,-0.8360276
4.33711e-09,-0.8360328
4.43711e-09,-0.8360795
4.53711e-09,-0.8361574
4.63711e-09,-0.8361146
4.73711e-09,-0.8359757
4.83711e-09,-0.8358823
4.93711e-09,-0.8358512
5.03711e-09,-0.8358953
5.13711e-09,-0.8360263
5.23711e-09,-0.8361976
5.33711e-09,-0.8363351
5.43711e-09,-0.8363896
5.53711e-09,-0.8363948
5.63711e-09,-0.836339
5.73711e-09,-0.8362534
5.83711e-09,-0.8362041
5.93711e-09,-0.8361898
6.03711e-09,-0.8361924
6.13711e-09,-0.8361989
6.23711e-09,-0.8361587
6.33711e-09,-0.8360834
6.43711e-09,-0.8361249
6.53711e-09,-0.836265
6.63711e-09,-0.8363571
6.73711e-09,-0.8363896
6.83711e-09,-0.8363442
6.93711e-09,-0.8362131
7.03711e-09,-0.8361288
7.13711e-09,-0.8361885
7.23711e-09,-0.8363001
7.33711e-09,-0.8362793
7.43711e-09,-0.8361016
7.53711e-09,-0.8359757
7.63711e-09,-0.835929
7.73711e-09,-0.8358849
7.83711e-09,-0.8358655
7.93711e-09,-0.835907
8.03711e-09,-0.8360289
8.13711e-09,-0.8361535
8.23711e-09,-0.8362131
8.33711e-09,-0.8362248
8.43711e-09,-0.836217
8.53711e-09,-0.836208
8.63711e-09,-0.83616
8.73711e-09,-0.836038
8.83711e-09,-0.8359174
8.93711e-09,-0.835859
9.03711e-09,-0.8357617
9.13711e-09,-0.8355736
9.23711e-09,-0.8355464
9.33711e-09,-0.8357526
9.43711e-09,-0.8359135
9.53711e-09,-0.8359342
9.63711e-09,-0.835907
9.73711e-09,-0.8359239
9.83711e-09,-0.8359874
9.93711e-09,-0.8359874
1.00371e-08,-0.8359277
1.01371e-08,-0.8358382
1.02371e-08,-0.8356994
1.03371e-08,-0.8356203
1.04371e-08,-0.8357306
1.05371e-08,-0.8359213
1.06371e-08,-0.83599
1.07371e-08,-0.83599
1.08371e-08,-0.8361016
1.09371e-08,-0.8362728
1.10371e-08,-0.8363273
1.11371e-08,-0.836278
1.12371e-08,-0.8362261
1.13371e-08,-0.8362002
1.14371e-08,-0.8361937
1.15371e-08,-0.8362417
1.16371e-08,-0.8363649
1.17371e-08,-0.8364453
1.18371e-08,-0.836339
1.19371e-08,-0.8361081
1.20371e-08,-0.8360069
1.21371e-08,-0.8361262
1.22371e-08,-0.836243
1.23371e-08,-0.8362092
1.24371e-08,-0.8360666
1.25371e-08,-0.8359667
1.26371e-08,-0.8360627
1.27371e-08,-0.8362495
1.28371e-08,-0.8363636
1.29371e-08,-0.8363545
1.30371e-08,-0.8361846
1.31371e-08,-0.8359732
1.32371e-08,-0.8359057
1.33371e-08,-0.8359991
1.34371e-08,-0.8361327
1.35371e-08,-0.8362054
1.36371e-08,-0.8362663
1.37371e-08,-0.8363377
1.38371e-08,-0.8362858
1.39371e-08,-0.8360977
1.40371e-08,-0.8359706
1.41371e-08,-0.8359719
1.42371e-08,-0.8359615
1.43371e-08,-0.8359109
1.44371e-08,-0.8359187
1.45371e-08,-0.8359822
1.46371e-08,-0.8360276
1.47371e-08,-0.8360004
1.48371e-08,-0.8359252
1.49371e-08,-0.8359641
1.50371e-08,-0.8360562
1.51371e-08,-0.8360276
1.52371e-08,-0.8359381
1.53371e-08,-0.8358343
1.54371e-08,-0.8357371
1.55371e-08,-0.8357812
1.56371e-08,-0.8359265
1.57371e-08,-0.836025
1.58371e-08,-0.8361016
1.59371e-08,-0.8361314
1.60371e-08,-0.836134
1.61371e-08,-0.8362144
1.62371e-08,-0.8363182
1.63371e-08,-0.8364181
1.64371e-08,-0.8365504
1.65371e-08,-0.8366659
1.66371e-08,-0.8367178
1.67371e-08,-0.836723
1.68371e-08,-0.8366698
1.69371e-08,-0.8365426
1.70371e-08,-0.8364596
1.71371e-08,-0.8365206
1.72371e-08,-0.8366321
1.73371e-08,-0.8366983
1.74371e-08,-0.8366309
1.75371e-08,-0.836518
1.76371e-08,-0.8364959
1.77371e-08,-0.8364233
1.78371e-08,-0.8363312
1.79371e-08,-0.836326
1.80371e-08,-0.8363027
1.81371e-08,-0.836243
1.82371e-08,-0.8362482
1.83371e-08,-0.8362689
1.84371e-08,-0.8362404
1.85371e-08,-0.8362547
1.86371e-08,-0.8362313
1.87371e-08,-0.8360795
1.88371e-08,-0.8359706
1.89371e-08,-0.8360627
1.90371e-08,-0.8362054
1.91371e-08,-0.8361989
1.92371e-08,-0.8361548
1.93371e-08,-0.836169
1.94371e-08,-0.8361898
1.95371e-08,-0.8362456
1.96371e-08,-0.8363701
1.97371e-08,-0.8365349
1.98371e-08,-0.8367113
1.99371e-08,-0.8368851
2.00371e-08,-0.8371433
2.01371e-08,-0.8374624
2.02371e-08,-0.8376751
2.03371e-08,-0.8378334
2.04371e-08,-0.8381136
2.05371e-08,-0.8385404
2.06371e-08,-0.8390022
2.07371e-08,-0.8393174
2.08371e-08,-0.8395159
2.09371e-08,-0.8397948
2.10371e-08,-0.8401243
2.11371e-08,-0.8404253
2.12371e-08,-0.8407353
2.13371e-08,-0.8411465
2.14371e-08,-0.8416745
2.15371e-08,-0.8421753
2.16371e-08,-0.84258
2.17371e-08,-0.8429653
2.18371e-08,-0.8433168
2.19371e-08,-0.8436048
2.20371e-08,-0.8440303
2.21371e-08,-0.8446193
2.22371e-08,-0.8451602
2.23371e-08,-0.8455792
2.24371e-08,-0.846006
2.25371e-08,-0.8465171
2.26371e-08,-0.8470438
2.27371e-08,-0.847516
2.28371e-08,-0.8479454
2.29371e-08,-0.8484837
2.30371e-08,-0.8490766
2.31371e-08,-0.8495449
2.32371e-08,-0.8499976
2.33371e-08,-0.8505554
2.34371e-08,-0.8511119
2.35371e-08,-0.8515932
2.36371e-08,-0.8520628
2.37371e-08,-0.8525441
2.38371e-08,-0.8530812
2.39371e-08,-0.853613
2.40371e-08,-0.8540826
2.41371e-08,-0.8545937
2.42371e-08,-0.8551087
2.43371e-08,-0.8555278
2.44371e-08,-0.8560077
2.45371e-08,-0.8565993
2.46371e-08,-0.8570429
2.47371e-08,-0.8573426
2.48371e-08,-0.8578381
2.49371e-08,-0.8585205
2.50371e-08,-0.8590692
2.51371e-08,-0.8594675
2.52371e-08,-0.8599215
2.53371e-08,-0.8604573
2.54371e-08,-0.8609074
2.55371e-08,-0.861185
2.56371e-08,-0.8615327
2.57371e-08,-0.8621528
2.58371e-08,-0.8627806
2.59371e-08,-0.8631698
2.60371e-08,-0.8635084
2.61371e-08,-0.8640026
2.62371e-08,-0.8644541
2.63371e-08,-0.8646564
2.64371e-08,-0.8648173
2.65371e-08,-0.8651857
2.66371e-08,-0.8655904
2.67371e-08,-0.86575
2.68371e-08,-0.8658019
2.69371e-08,-0.8660146
2.70371e-08,-0.8663338
2.71371e-08,-0.866601
2.72371e-08,-0.8669331
2.73371e-08,-0.867282
2.74371e-08,-0.867321
2.75371e-08,-0.8672535
2.76371e-08,-0.8675
2.77371e-08,-0.8680072
2.78371e-08,-0.8684509
2.79371e-08,-0.8685987
2.80371e-08,-0.8686779
2.81371e-08,-0.8689127
2.82371e-08,-0.8691099
2.83371e-08,-0.8691514
2.84371e-08,-0.8692603
2.85371e-08,-0.8695457
2.86371e-08,-0.8698169
2.87371e-08,-0.8698973
2.88371e-08,-0.8698856
2.89371e-08,-0.870027
2.90371e-08,-0.8703111
2.91371e-08,-0.8705277
2.92371e-08,-0.8707457
2.93371e-08,-0.8711089
2.94371e-08,-0.8714099
2.95371e-08,-0.8714462
2.96371e-08,-0.8714371
2.97371e-08,-0.8715513
2.98371e-08,-0.8715941
2.99371e-08,-0.8714643
3.00371e-08,-0.8714864
3.01371e-08,-0.8718003
3.02371e-08,-0.8719832
3.03371e-08,-0.87186
3.04371e-08,-0.8718068
3.05371e-08,-0.8720183
3.06371e-08,-0.8721895
3.07371e-08,-0.8721739
3.08371e-08,-0.8722038
3.09371e-08,-0.8723166
3.10371e-08,-0.8723037
3.11371e-08,-0.8721337
3.12371e-08,-0.8720105
3.13371e-08,-0.8720079
3.14371e-08,-0.8719508
3.15371e-08,-0.8717355
3.16371e-08,-0.8715461
3.17371e-08,-0.87155
3.18371e-08,-0.8715603
3.19371e-08,-0.8713489
3.20371e-08,-0.8711465
3.21371e-08,-0.8711816
3.22371e-08,-0.8712205
3.23371e-08,-0.8711517
3.24371e-08,-0.8710479
3.25371e-08,-0.8709883
3.26371e-08,-0.8710155
3.27371e-08,-0.8710077
3.28371e-08,-0.8709091
3.29371e-08,-0.8707068
3.30371e-08,-0.8704486
3.31371e-08,-0.8702255
3.32371e-08,-0.8701295
3.33371e-08,-0.8702047
3.34371e-08,-0.8702436
3.35371e-08,-0.8701217
3.36371e-08,-0.8699764
3.37371e-08,-0.8698999
3.38371e-08,-0.8698402
3.39371e-08,-0.8697286
3.40371e-08,-0.8696625
3.41371e-08,-0.8696871
3.42371e-08,-0.8696352
3.43371e-08,-0.8694147
3.44371e-08,-0.8692227
3.45371e-08,-0.8692253
3.46371e-08,-0.8692357
3.47371e-08,-0.8691994
3.48371e-08,-0.8693006
3.49371e-08,-0.8694744
3.50371e-08,-0.8694004
3.51371e-08,-0.868949
3.52371e-08,-0.8685027
3.53371e-08,-0.8683341
3.54371e-08,-0.868242
3.55371e-08,-0.8680007
3.56371e-08,-0.8677594
3.57371e-08,-0.8677737
3.58371e-08,-0.8678074
3.59371e-08,-0.8676531
3.60371e-08,-0.8675752
3.61371e-08,-0.8675584
3.62371e-08,-0.8673923
3.63371e-08,-0.8671419
3.64371e-08,-0.8668695
3.65371e-08,-0.8666036
3.66371e-08,-0.8663467
3.67371e-08,-0.8660964
3.68371e-08,-0.8659368
3.69371e-08,-0.8658408
3.70371e-08,-0.8656813
3.71371e-08,-0.8653712
3.72371e-08,-0.865008
3.73371e-08,-0.8647343
3.74371e-08,-0.86441
3.75371e-08,-0.8638937
3.76371e-08,-0.8634215
3.77371e-08,-0.8632087
3.78371e-08,-0.8630479
3.79371e-08,-0.8627222
3.80371e-08,-0.8623071
3.81371e-08,-0.8618661
3.82371e-08,-0.8613874
3.83371e-08,-0.8608879
3.84371e-08,-0.8603859
3.85371e-08,-0.8599267
3.86371e-08,-0.8595453
3.87371e-08,-0.8591678
3.88371e-08,-0.8587721
3.89371e-08,-0.8584037
3.90371e-08,-0.8579756
3.91371e-08,-0.8574075
3.92371e-08,-0.8567926
3.93371e-08,-0.8562283
3.94371e-08,-0.8556237
3.95371e-08,-0.8548895
3.96371e-08,-0.8541566
3.97371e-08,-0.8535897
3.98371e-08,-0.8531486
3.99371e-08,-0.8526673
4.00371e-08,-0.8521238
4.01371e-08,-0.8516737
4.02371e-08,-0.8513558
4.03371e-08,-0.8509342
4.04371e-08,-0.8502726
4.05371e-08,-0.8495423
4.06371e-08,-0.8489598
4.07371e-08,-0.8484163
4.08371e-08,-0.8478221
4.09371e-08,-0.8473941
4.10371e-08,-0.8471502
4.11371e-08,-0.8468207
4.12371e-08,-0.846294
4.13371e-08,-0.8457284
4.14371e-08,-0.8452316
4.15371e-08,-0.844797
4.16371e-08,-0.8443883
4.17371e-08,-0.8439421
4.18371e-08,-0.8434997
4.19371e-08,-0.8430301
4.20371e-08,-0.8424931
4.21371e-08,-0.8420468
4.22371e-08,-0.8417718
4.23371e-08,-0.841515
4.24371e-08,-0.841179
4.25371e-08,-0.8407794
4.26371e-08,-0.8403565
4.27371e-08,-0.8400166
4.28371e-08,-0.8397053
4.29371e-08,-0.8393032
4.30371e-08,-0.8388699
4.31371e-08,-0.8385235
4.32371e-08,-0.8382524
4.33371e-08,-0.8379709
4.34371e-08,-0.8376583
4.35371e-08,-0.8372847
4.36371e-08,-0.8368721
4.37371e-08,-0.8365349
4.38371e-08,-0.8363078
4.39371e-08,-0.8361003
4.40371e-08,-0.8358318
4.41371e-08,-0.835558
4.42371e-08,-0.8353388
4.43371e-08,-0.8352065
4.44371e-08,-0.8351235
4.45371e-08,-0.8349678
4.46371e-08,-0.8347434
4.47371e-08,-0.8345306
4.48371e-08,-0.8343023
4.49371e-08,-0.8339715
4.50371e-08,-0.833655
4.51371e-08,-0.8335097
4.52371e-08,-0.8333994
4.53371e-08,-0.8332256
4.54371e-08,-0.8330388
4.55371e-08,-0.8328598
4.56371e-08,-0.8327768
4.57371e-08,-0.8327638
4.58371e-08,-0.8326898
4.59371e-08,-0.8326392
4.60371e-08,-0.8326639
4.61371e-08,-0.8326976
4.62371e-08,-0.8327158
4.63371e-08,-0.8326769
4.64371e-08,-0.8325121
4.65371e-08,-0.8322254
4.66371e-08,-0.831966
4.67371e-08,-0.8319413
4.68371e-08,-0.8319906
4.69371e-08,-0.8318168
4.70371e-08,-0.8315418
4.71371e-08,-0.8314717
4.72371e-08,-0.8316248
4.73371e-08,-0.8317156
4.74371e-08,-0.8316546
4.75371e-08,-0.8315846
4.76371e-08,-0.8315483
4.77371e-08,-0.8315405
4.78371e-08,-0.8315885
4.79371e-08,-0.8317584
4.80371e-08,-0.8319154
4.81371e-08,-0.8318544
4.82371e-08,-0.8316793
4.83371e-08,-0.8316546
4.84371e-08,-0.8317675
4.85371e-08,-0.8317753
4.86371e-08,-0.8316598
4.87371e-08,-0.8316611
4.88371e-08,-0.8317779
4.89371e-08,-0.8317792
4.90371e-08,-0.8316611
4.91371e-08,-0.8316598
4.92371e-08,-0.8317779
4.93371e-08,-0.8318661
4.94371e-08,-0.8319439
4.95371e-08,-0.83211
4.96371e-08,-0.8323435
4.97371e-08,-0.8324291
4.98371e-08,-0.8323422
4.99371e-08,-0.8322981
5.00371e-08,-0.8323318
5.01371e-08,-0.8323694
5.02371e-08,-0.8324317
5.03371e-08,-0.8325549
5.04371e-08,-0.8327171
5.05371e-08,-0.8328481
5.06371e-08,-0.8328585
5.07371e-08,-0.8328312
5.08371e-08,-0.8328507
5.09371e-08,-0.8328299
5.10371e-08,-0.8328079
5.11371e-08,-0.8328857
5.12371e-08,-0.8329921
5.13371e-08,-0.8330505
5.14371e-08,-0.8331517
5.15371e-08,-0.8333449
5.16371e-08,-0.8335032
5.17371e-08,-0.8336135
5.18371e-08,-0.8336965
5.19371e-08,-0.8338158
5.20371e-08,-0.8340571
5.21371e-08,-0.834336
5.22371e-08,-0.8345656
5.23371e-08,-0.8347927
5.24371e-08,-0.8350301
5.25371e-08,-0.8351468
5.26371e-08,-0.8350807
5.27371e-08,-0.8350002
5.28371e-08,-0.8350443
5.29371e-08,-0.8351429
5.30371e-08,-0.8352039
5.31371e-08,-0.8352233
5.32371e-08,-0.8352636
5.33371e-08,-0.8353323
5.34371e-08,-0.8353284
5.35371e-08,-0.8352636
5.36371e-08,-0.835261
5.37371e-08,-0.835318
5.38371e-08,-0.8353622
5.39371e-08,-0.8353803
5.40371e-08,-0.8354685
5.41371e-08,-0.8356177
5.42371e-08,-0.8356605
5.43371e-08,-0.8356086
5.44371e-08,-0.8356021
5.45371e-08,-0.8356981
5.46371e-08,-0.8358149
5.47371e-08,-0.8359641
5.48371e-08,-0.8361742
5.49371e-08,-0.8363792
5.50371e-08,-0.8364298
5.51371e-08,-0.8362391
5.52371e-08,-0.8360808
5.53371e-08,-0.836147
5.54371e-08,-0.8362819
5.55371e-08,-0.8363649
5.56371e-08,-0.8364337
5.57371e-08,-0.8365063
5.58371e-08,-0.83654
5.59371e-08,-0.8366347
5.60371e-08,-0.8367398
5.61371e-08,-0.8367061
5.62371e-08,-0.8366503
5.63371e-08,-0.836662
5.64371e-08,-0.8366425
5.65371e-08,-0.8365816
5.66371e-08,-0.8365829
5.67371e-08,-0.8366905
5.68371e-08,-0.8367684
5.69371e-08,-0.8366659
5.70371e-08,-0.836483
5.71371e-08,-0.8364168
5.72371e-08,-0.8365037
5.73371e-08,-0.836675
5.74371e-08,-0.8368228
5.75371e-08,-0.8368436
5.76371e-08,-0.8367294
5.77371e-08,-0.836553
5.78371e-08,-0.8364946
5.79371e-08,-0.8366321
5.80371e-08,-0.8367061
5.81371e-08,-0.8365491
5.82371e-08,-0.8363675
5.83371e-08,-0.8363182
5.84371e-08,-0.836243
5.85371e-08,-0.8361146
5.86371e-08,-0.836038
5.87371e-08,-0.8360601
5.88371e-08,-0.8362261
5.89371e-08,-0.8364337
5.90371e-08,-0.8364998
5.91371e-08,-0.8364933
5.92371e-08,-0.8364687
5.93371e-08,-0.8363234
5.94371e-08,-0.8361327
5.95371e-08,-0.8360743
5.96371e-08,-0.8361262
5.97371e-08,-0.8360925
5.98371e-08,-0.8359654
5.99371e-08,-0.8359252
6.00371e-08,-0.8360147
6.01371e-08,-0.8361807
6.02371e-08,-0.8363688
6.03371e-08,-0.8365076
6.04371e-08,-0.8365167
6.05371e-08,-0.8364856
6.06371e-08,-0.8365037
6.07371e-08,-0.836483
6.08371e-08,-0.8364168
6.09371e-08,-0.8363753
6.10371e-08,-0.8364038
6.11371e-08,-0.8365245
6.12371e-08,-0.836649
6.13371e-08,-0.8366672
6.14371e-08,-0.8366023
6.15371e-08,-0.8365491
6.16371e-08,-0.8364402
6.17371e-08,-0.8363299
6.18371e-08,-0.8364505
6.19371e-08,-0.8367035
6.20371e-08,-0.8367697
6.21371e-08,-0.8366218
6.22371e-08,-0.8364908
6.23371e-08,-0.8365232
6.24371e-08,-0.8365803
6.25371e-08,-0.8365738
6.26371e-08,-0.8365076
6.27371e-08,-0.8363727
6.28371e-08,-0.8363325
6.29371e-08,-0.8364713
6.30371e-08,-0.8366296
6.31371e-08,-0.8367113
6.32371e-08,-0.836684
6.33371e-08,-0.8365115
6.34371e-08,-0.8362585
6.35371e-08,-0.83616
6.36371e-08,-0.8363299
6.37371e-08,-0.8365725
6.38371e-08,-0.8367048
6.39371e-08,-0.8367826
6.40371e-08,-0.8368488
6.41371e-08,-0.8367891
6.42371e-08,-0.8365958
6.43371e-08,-0.8364687
6.44371e-08,-0.8364687
6.45371e-08,-0.8365037
6.46371e-08,-0.8365284
6.47371e-08,-0.8365387
6.48371e-08,-0.8365387
6.49371e-08,-0.8365362
6.50371e-08,-0.8365777
6.51371e-08,-0.8366542
6.52371e-08,-0.8366996
6.53371e-08,-0.8367567
6.54371e-08,-0.8368306
6.55371e-08,-0.8367826
6.56371e-08,-0.8365958
6.57371e-08,-0.83647
6.58371e-08,-0.8364687
6.59371e-08,-0.8364596
6.60371e-08,-0.8363649
6.61371e-08,-0.8362534
6.62371e-08,-0.8362391
6.63371e-08,-0.8363027
6.64371e-08,-0.8363104
6.65371e-08,-0.8362118
6.66371e-08,-0.8360925
6.67371e-08,-0.8359861
6.68371e-08,-0.8358525
6.69371e-08,-0.8356942
6.70371e-08,-0.8355243
6.71371e-08,-0.8353972
6.72371e-08,-0.835392
6.73371e-08,-0.8354659
6.74371e-08,-0.8354361
6.75371e-08,-0.8353064
6.76371e-08,-0.8352169
6.77371e-08,-0.835187
6.78371e-08,-0.8351883
6.79371e-08,-0.8351987
6.80371e-08,-0.835248
6.81371e-08,-0.8352843
6.82371e-08,-0.8352078
6.83371e-08,-0.8351429
6.84371e-08,-0.8351585
6.85371e-08,-0.8351442
6.86371e-08,-0.8350417
6.87371e-08,-0.8349691
6.88371e-08,-0.8350742
6.89371e-08,-0.8352597
6.90371e-08,-0.8353245
6.91371e-08,-0.8352817
6.92371e-08,-0.8352298
6.93371e-08,-0.8352039
6.94371e-08,-0.8351974
6.95371e-08,-0.8352013
6.96371e-08,-0.8352052
6.97371e-08,-0.8351637
6.98371e-08,-0.8350871
6.99371e-08,-0.8350845
7.00371e-08,-0.8351481
7.01371e-08,-0.8351961
7.02371e-08,-0.8352143
7.03371e-08,-0.8352156
7.04371e-08,-0.8352545
7.05371e-08,-0.8353271
7.06371e-08,-0.8352843
7.07371e-08,-0.8351442
7.08371e-08,-0.8350521
7.09371e-08,-0.8349769
7.10371e-08,-0.8349016
7.11371e-08,-0.8349107
7.12371e-08,-0.8350249
7.13371e-08,-0.8351507
7.14371e-08,-0.8352571
7.15371e-08,-0.8353479
7.16371e-08,-0.8353427
7.17371e-08,-0.8352259
7.18371e-08,-0.8350534
7.19371e-08,-0.8349561
7.20371e-08,-0.8350184
7.21371e-08,-0.8350456
7.22371e-08,-0.8349198
7.23371e-08,-0.8347304
7.24371e-08,-0.8346214
7.25371e-08,-0.8347252
7.26371e-08,-0.8348744
7.27371e-08,-0.8348718
7.28371e-08,-0.8347849
7.29371e-08,-0.8346772
7.30371e-08,-0.8345319
7.31371e-08,-0.8344113
7.32371e-08,-0.8344022
7.33371e-08,-0.8344748
7.34371e-08,-0.834528
7.35371e-08,-0.8345929
7.36371e-08,-0.8347148
7.37371e-08,-0.8348757
7.38371e-08,-0.8350067
7.39371e-08,-0.8350612
7.40371e-08,-0.8350223
7.41371e-08,-0.8349795
7.42371e-08,-0.835043
7.43371e-08,-0.835104
7.44371e-08,-0.8351312
7.45371e-08,-0.8351792
7.46371e-08,-0.8352065
7.47371e-08,-0.8352584
7.48371e-08,-0.8353323
7.49371e-08,-0.8353751
7.50371e-08,-0.8354296
7.51371e-08,-0.8355023
7.52371e-08,-0.8354984
7.53371e-08,-0.8353881
7.54371e-08,-0.8352182
7.55371e-08,-0.8351235
7.56371e-08,-0.8351844
7.57371e-08,-0.8352999
7.58371e-08,-0.8354127
7.59371e-08,-0.83551
7.60371e-08,-0.8355503
7.61371e-08,-0.8355995
7.62371e-08,-0.8356242
7.63371e-08,-0.8356307
7.64371e-08,-0.8357163
7.65371e-08,-0.8357773
7.66371e-08,-0.8357565
7.67371e-08,-0.8357241
7.68371e-08,-0.8357046
7.69371e-08,-0.8357007
7.70371e-08,-0.8357007
7.71371e-08,-0.8357474
7.72371e-08,-0.8358681
7.73371e-08,-0.83599
7.74371e-08,-0.8360043
7.75371e-08,-0.8359381
7.76371e-08,-0.8358408
7.77371e-08,-0.8356566
7.78371e-08,-0.8354997
7.79371e-08,-0.8355217
7.80371e-08,-0.8356229
7.81371e-08,-0.8356929
7.82371e-08,-0.8357176
7.83371e-08,-0.8357176
7.84371e-08,-0.8357098
7.85371e-08,-0.8357487
7.86371e-08,-0.8359109
7.87371e-08,-0.8361535
7.88371e-08,-0.8363325
7.89371e-08,-0.8364453
7.90371e-08,-0.8365245
7.91371e-08,-0.8365089
7.92371e-08,-0.8363883
7.93371e-08,-0.8362598
7.94371e-08,-0.836195
7.95371e-08,-0.836182
7.96371e-08,-0.8361885
7.97371e-08,-0.8361548
7.98371e-08,-0.8361262
7.99371e-08,-0.8362015
8.00371e-08,-0.8363091
8.01371e-08,-0.8363701
8.02371e-08,-0.8363429
8.03371e-08,-0.8362611
8.04371e-08,-0.8362521
8.05371e-08,-0.8363117
8.06371e-08,-0.8363571
8.07371e-08,-0.8364207
8.08371e-08,-0.8364544
8.09371e-08,-0.8364181
8.10371e-08,-0.8364259
8.11371e-08,-0.8364856
8.12371e-08,-0.8364843
8.13371e-08,-0.8364674
8.14371e-08,-0.8365854
8.15371e-08,-0.836723
8.16371e-08,-0.8367917
8.17371e-08,-0.8368514
8.18371e-08,-0.836876
8.19371e-08,-0.8368786
8.20371e-08,-0.8369175
8.21371e-08,-0.837033
8.22371e-08,-0.8371095
8.23371e-08,-0.8370901
8.24371e-08,-0.837055
8.25371e-08,-0.8370343
8.26371e-08,-0.8369837
8.27371e-08,-0.8369098
8.28371e-08,-0.8369098
8.29371e-08,-0.8368877
8.30371e-08,-0.8367826
8.31371e-08,-0.8367541
8.32371e-08,-0.8367619
8.33371e-08,-0.836732
8.34371e-08,-0.8367061
8.35371e-08,-0.836697
8.36371e-08,-0.8367398
8.37371e-08,-0.8368177
8.38371e-08,-0.8368644
8.39371e-08,-0.836924
8.40371e-08,-0.8369526
8.41371e-08,-0.8368721
8.42371e-08,-0.8367606
8.43371e-08,-0.8367424
8.44371e-08,-0.8368462
8.45371e-08,-0.8370174
8.46371e-08,-0.8372029
8.47371e-08,-0.8373391
8.48371e-08,-0.8373897
8.49371e-08,-0.8373923
8.50371e-08,-0.8373353
8.51371e-08,-0.8372937
8.52371e-08,-0.8373638
8.53371e-08,-0.8374287
8.54371e-08,-0.8374131
8.55371e-08,-0.8373833
8.56371e-08,-0.8373223
8.57371e-08,-0.8372406
8.58371e-08,-0.8371964
8.59371e-08,-0.837142
8.60371e-08,-0.8370693
8.61371e-08,-0.8370732
8.62371e-08,-0.8371835
8.63371e-08,-0.8372652
8.64371e-08,-0.8372522
8.65371e-08,-0.8372211
8.66371e-08,-0.8371134
8.67371e-08,-0.836998
8.68371e-08,-0.8370278
8.69371e-08,-0.8371264
8.70371e-08,-0.8372354
8.71371e-08,-0.8373327
8.72371e-08,-0.8373327
8.73371e-08,-0.8373067
8.74371e-08,-0.8373729
8.75371e-08,-0.8374325
8.76371e-08,-0.8373703
8.77371e-08,-0.8372626
8.78371e-08,-0.8372003
8.79371e-08,-0.8371822
8.80371e-08,-0.8372289
8.81371e-08,-0.8373132
8.82371e-08,-0.8373638
