LECROYWaveRunner,41075,Waveform
Segments,1,SegmentSize,1002
Segment,TrigTime,TimeSinceSegment1
#1,12-Nov-2024 18:45:30,0                 
Time,Ampl
-1.18301e-08,0.1226419
-1.17301e-08,0.1226607
-1.16301e-08,0.1226614
-1.15301e-08,0.1225913
-1.14301e-08,0.1224305
-1.13301e-08,0.1222852
-1.12301e-08,0.1221542
-1.11301e-08,0.1219654
-1.10301e-08,0.1218376
-1.09301e-08,0.1218805
-1.08301e-08,0.12197
-1.07301e-08,0.1220244
-1.06301e-08,0.1221282
-1.05301e-08,0.1223235
-1.04301e-08,0.1225278
-1.03301e-08,0.1226491
-1.02301e-08,0.1227074
-1.01301e-08,0.1227178
-1.00301e-08,0.1226653
-9.93007e-09,0.1226011
-9.83007e-09,0.12259
-9.73007e-09,0.1226854
-9.63007e-09,0.1228475
-9.53007e-09,0.1229636
-9.43007e-09,0.1230285
-9.33007e-09,0.1231109
-9.23007e-09,0.1232419
-9.13007e-09,0.1233619
-9.03007e-09,0.1234151
-8.93007e-09,0.1234449
-8.83007e-09,0.1235176
-8.73007e-09,0.123585
-8.63007e-09,0.1235507
-8.53007e-09,0.1234404
-8.43007e-09,0.1232802
-8.33007e-09,0.1231025
-8.23007e-09,0.1229915
-8.13007e-09,0.1229351
-8.03007e-09,0.1229234
-7.93007e-09,0.1229727
-7.83007e-09,0.123035
-7.73007e-09,0.1230467
-7.63007e-09,0.1229727
-7.53007e-09,0.1228274
-7.43007e-09,0.1226737
-7.33007e-09,0.1225764
-7.23007e-09,0.1225459
-7.13007e-09,0.1225492
-7.03007e-09,0.1225161
-6.93007e-09,0.1224032
-6.83007e-09,0.1222845
-6.73007e-09,0.1222041
-6.63007e-09,0.122112
-6.53007e-09,0.1220212
-6.43007e-09,0.1219563
-6.33007e-09,0.1218454
-6.23007e-09,0.1217365
-6.13007e-09,0.1217287
-6.03007e-09,0.1217313
-5.93007e-09,0.1217138
-5.83007e-09,0.1217429
-5.73007e-09,0.1217702
-5.63007e-09,0.1217397
-5.53007e-09,0.1216645
-5.43007e-09,0.1215964
-5.33007e-09,0.1216093
-5.23007e-09,0.1217021
-5.13007e-09,0.1218123
-5.03007e-09,0.1219356
-4.93007e-09,0.1220835
-4.83007e-09,0.122293
-4.73007e-09,0.1225836
-4.63007e-09,0.1228534
-4.53007e-09,0.1229974
-4.43007e-09,0.1230538
-4.33007e-09,0.1230778
-4.23007e-09,0.123059
-4.13007e-09,0.1229941
-4.03007e-09,0.1229507
-3.93007e-09,0.1229792
-3.83007e-09,0.1230551
-3.73007e-09,0.1231913
-3.63007e-09,0.123382
-3.53007e-09,0.1235746
-3.43007e-09,0.1237323
-3.33007e-09,0.1238192
-3.23007e-09,0.1237984
-3.13007e-09,0.1236064
-3.03007e-09,0.1232276
-2.93007e-09,0.1227133
-2.83007e-09,0.1221691
-2.73007e-09,0.1217053
-2.63007e-09,0.1213758
-2.53007e-09,0.1212545
-2.43007e-09,0.1213421
-2.33007e-09,0.121549
-2.23007e-09,0.1218552
-2.13007e-09,0.1222255
-2.03007e-09,0.1225505
-1.93007e-09,0.1227159
-1.83007e-09,0.1227074
-1.73007e-09,0.1226348
-1.63007e-09,0.1225388
-1.53007e-09,0.1223993
-1.43007e-09,0.1222774
-1.33007e-09,0.1222009
-1.23007e-09,0.1221114
-1.13007e-09,0.1219557
-1.03007e-09,0.1217326
-9.30073e-10,0.1215211
-8.30073e-10,0.1213583
-7.30073e-10,0.1212286
-6.30073e-10,0.1211546
-5.30073e-10,0.1211345
-4.30073e-10,0.1211618
-3.30073e-10,0.1212312
-2.30073e-10,0.121298
-1.30073e-10,0.1213298
-3.00727e-11,0.121335
6.99273e-11,0.1213304
1.69927e-10,0.1213265
2.69927e-10,0.121346
3.69927e-10,0.1214277
4.69927e-10,0.1215698
5.69927e-10,0.1217637
6.69927e-10,0.1220004
7.69927e-10,0.1222125
8.69927e-10,0.1223059
9.69927e-10,0.1223189
1.06993e-09,0.1223682
1.16993e-09,0.1224233
1.26993e-09,0.1224292
1.36993e-09,0.1224623
1.46993e-09,0.1225498
1.56993e-09,0.1226283
1.66993e-09,0.1226841
1.76993e-09,0.122749
1.86993e-09,0.122782
1.96993e-09,0.1227451
2.06993e-09,0.1226867
2.16993e-09,0.122675
2.26993e-09,0.1227256
2.36993e-09,0.1228099
2.46993e-09,0.1229033
2.56993e-09,0.12295
2.66993e-09,0.1229371
2.76993e-09,0.1229591
2.86993e-09,0.1230006
2.96993e-09,0.1229384
3.06993e-09,0.1227931
3.16993e-09,0.1226575
3.26993e-09,0.1225083
3.36993e-09,0.1223248
3.46993e-09,0.122162
3.56993e-09,0.1220037
3.66993e-09,0.1218415
3.76993e-09,0.1217416
3.86993e-09,0.1216898
3.96993e-09,0.1216346
4.06993e-09,0.1215419
4.16993e-09,0.1214225
4.26993e-09,0.121359
4.36993e-09,0.1214096
4.46993e-09,0.1215523
4.56993e-09,0.1217332
4.66993e-09,0.1219161
4.76993e-09,0.1221133
4.86993e-09,0.1223637
4.96993e-09,0.122651
5.06993e-09,0.1229059
5.16993e-09,0.1231284
5.26993e-09,0.123312
5.36993e-09,0.1233885
5.46993e-09,0.1233736
5.56993e-09,0.1233197
5.66993e-09,0.1232179
5.76993e-09,0.1231122
5.86993e-09,0.1230817
5.96993e-09,0.1231316
6.06993e-09,0.1232205
6.16993e-09,0.1233386
6.26993e-09,0.1235117
6.36993e-09,0.1237186
6.46993e-09,0.1238477
6.56993e-09,0.1238451
6.66993e-09,0.123764
6.76993e-09,0.1236603
6.86993e-09,0.123539
6.96993e-09,0.1233677
7.06993e-09,0.1231628
7.16993e-09,0.1229909
7.26993e-09,0.1228735
7.36993e-09,0.1227457
7.46993e-09,0.1226166
7.56993e-09,0.1225771
7.66993e-09,0.1225823
7.76993e-09,0.1225317
7.86993e-09,0.1223838
7.96993e-09,0.1220913
8.06993e-09,0.1216722
8.16993e-09,0.1213298
8.26993e-09,0.1211657
8.36993e-09,0.1210716
8.46993e-09,0.1210016
8.56993e-09,0.120975
8.66993e-09,0.1209523
8.76993e-09,0.1208997
8.86993e-09,0.1208446
8.96993e-09,0.1208193
9.06993e-09,0.1208809
9.16993e-09,0.1210645
9.26993e-09,0.1212727
9.36993e-09,0.1214446
9.46993e-09,0.1215594
9.56993e-09,0.121599
9.66993e-09,0.121597
9.76993e-09,0.1215853
9.86993e-09,0.1215548
9.96993e-09,0.1214919
1.00699e-08,0.1214297
1.01699e-08,0.1214011
1.02699e-08,0.12144
1.03699e-08,0.1215639
1.04699e-08,0.1216898
1.05699e-08,0.1217501
1.06699e-08,0.1218046
1.07699e-08,0.1218506
1.08699e-08,0.1218052
1.09699e-08,0.1217585
1.10699e-08,0.121802
1.11699e-08,0.1217812
1.12699e-08,0.1216002
1.13699e-08,0.1213622
1.14699e-08,0.1211456
1.15699e-08,0.1210048
1.16699e-08,0.1209581
1.17699e-08,0.1209841
1.18699e-08,0.1210814
1.19699e-08,0.1212558
1.20699e-08,0.1214692
1.21699e-08,0.1216482
1.22699e-08,0.1218104
1.23699e-08,0.1219499
1.24699e-08,0.1219654
1.25699e-08,0.1219181
1.26699e-08,0.1219213
1.27699e-08,0.1219369
1.28699e-08,0.1219252
1.29699e-08,0.1219771
1.30699e-08,0.1221282
1.31699e-08,0.1223364
1.32699e-08,0.122581
1.33699e-08,0.1228391
1.34699e-08,0.1230966
1.35699e-08,0.1233275
1.36699e-08,0.1234741
1.37699e-08,0.1234774
1.38699e-08,0.1233736
1.39699e-08,0.1232516
1.40699e-08,0.1231226
1.41699e-08,0.1230369
1.42699e-08,0.1230733
1.43699e-08,0.1231453
1.44699e-08,0.1231673
1.45699e-08,0.1232075
1.46699e-08,0.123297
1.47699e-08,0.1233541
1.48699e-08,0.1233282
1.49699e-08,0.1232283
1.50699e-08,0.1230512
1.51699e-08,0.1228586
1.52699e-08,0.1227191
1.53699e-08,0.1225797
1.54699e-08,0.1224045
1.55699e-08,0.1222015
1.56699e-08,0.1219888
1.57699e-08,0.121885
1.58699e-08,0.1219745
1.59699e-08,0.1221574
1.60699e-08,0.1223358
1.61699e-08,0.1225719
1.62699e-08,0.1228754
1.63699e-08,0.1231472
1.64699e-08,0.1233334
1.65699e-08,0.1234216
1.66699e-08,0.1234579
1.67699e-08,0.1235481
1.68699e-08,0.1237148
1.69699e-08,0.1238801
1.70699e-08,0.1241325
1.71699e-08,0.1245379
1.72699e-08,0.1249244
1.73699e-08,0.1252779
1.74699e-08,0.1256989
1.75699e-08,0.1261581
1.76699e-08,0.1265823
1.77699e-08,0.1269708
1.78699e-08,0.1273859
1.79699e-08,0.1277874
1.80699e-08,0.1280813
1.81699e-08,0.1283238
1.82699e-08,0.1285989
1.83699e-08,0.1288901
1.84699e-08,0.1291204
1.85699e-08,0.1293214
1.86699e-08,0.1296055
1.87699e-08,0.1299149
1.88699e-08,0.1301776
1.89699e-08,0.1304422
1.90699e-08,0.1307432
1.91699e-08,0.1310266
1.92699e-08,0.1312212
1.93699e-08,0.131421
1.94699e-08,0.1317135
1.95699e-08,0.1319425
1.96699e-08,0.1319898
1.97699e-08,0.1319853
1.98699e-08,0.1320113
1.99699e-08,0.1319665
2.00699e-08,0.1318595
2.01699e-08,0.1318575
2.02699e-08,0.1319503
2.03699e-08,0.132019
2.04699e-08,0.1321332
2.05699e-08,0.1323524
2.06699e-08,0.132595
2.07699e-08,0.1327812
2.08699e-08,0.1328986
2.09699e-08,0.1329803
2.10699e-08,0.1330302
2.11699e-08,0.1330231
2.12699e-08,0.1329615
2.13699e-08,0.1329381
2.14699e-08,0.1330023
2.15699e-08,0.1330789
2.16699e-08,0.1331613
2.17699e-08,0.1333117
2.18699e-08,0.1335323
2.19699e-08,0.1337878
2.20699e-08,0.1340492
2.21699e-08,0.1342853
2.22699e-08,0.1344773
2.23699e-08,0.1345999
2.24699e-08,0.134596
2.25699e-08,0.1344721
2.26699e-08,0.1342931
2.27699e-08,0.1341919
2.28699e-08,0.1342743
2.29699e-08,0.1344501
2.30699e-08,0.1346245
2.31699e-08,0.1348379
2.32699e-08,0.1350591
2.33699e-08,0.1351661
2.34699e-08,0.1351214
2.35699e-08,0.1349281
2.36699e-08,0.1346427
2.37699e-08,0.1343067
2.38699e-08,0.1339584
2.39699e-08,0.133636
2.40699e-08,0.133337
2.41699e-08,0.1331567
2.42699e-08,0.1331256
2.43699e-08,0.1331515
2.44699e-08,0.1331801
2.45699e-08,0.1331723
2.46699e-08,0.1331379
2.47699e-08,0.1331152
2.48699e-08,0.1330413
2.49699e-08,0.1328849
2.50699e-08,0.1327435
2.51699e-08,0.1326365
2.52699e-08,0.1324867
2.53699e-08,0.132381
2.54699e-08,0.1324309
2.55699e-08,0.1324964
2.56699e-08,0.1324886
2.57699e-08,0.1325301
2.58699e-08,0.132717
2.59699e-08,0.1330199
2.60699e-08,0.1333701
2.61699e-08,0.133747
2.62699e-08,0.1341517
2.63699e-08,0.1345474
2.64699e-08,0.1348645
2.65699e-08,0.1351032
2.66699e-08,0.1353484
2.67699e-08,0.1355748
2.68699e-08,0.1357207
2.69699e-08,0.135877
2.70699e-08,0.1360846
2.71699e-08,0.1362837
2.72699e-08,0.1364627
2.73699e-08,0.136608
2.74699e-08,0.1367332
2.75699e-08,0.1368519
2.76699e-08,0.1369064
2.77699e-08,0.1368928
2.78699e-08,0.1368895
2.79699e-08,0.1369116
2.80699e-08,0.1368422
2.81699e-08,0.1365873
2.82699e-08,0.136263
2.83699e-08,0.1360016
2.84699e-08,0.1358076
2.85699e-08,0.1356455
2.86699e-08,0.1354911
2.87699e-08,0.1353309
2.88699e-08,0.1351888
2.89699e-08,0.1351039
2.90699e-08,0.1350585
2.91699e-08,0.1349819
2.92699e-08,0.1348503
2.93699e-08,0.1346855
2.94699e-08,0.134511
2.95699e-08,0.1343599
2.96699e-08,0.1342736
2.97699e-08,0.1342062
2.98699e-08,0.1341141
2.99699e-08,0.1340628
3.00699e-08,0.1340726
3.01699e-08,0.1341374
3.02699e-08,0.1342924
3.03699e-08,0.1344786
3.04699e-08,0.1346194
3.05699e-08,0.1347393
3.06699e-08,0.1348561
3.07699e-08,0.1349119
3.08699e-08,0.1348989
3.09699e-08,0.1348743
3.10699e-08,0.13486
3.11699e-08,0.1348542
3.12699e-08,0.1348769
3.13699e-08,0.1349813
3.14699e-08,0.1351849
3.15699e-08,0.1354827
3.16699e-08,0.1358251
3.17699e-08,0.1360872
3.18699e-08,0.1362338
3.19699e-08,0.136272
3.20699e-08,0.1361949
3.21699e-08,0.1360839
3.22699e-08,0.135999
3.23699e-08,0.1358997
3.24699e-08,0.1357616
3.25699e-08,0.1356182
3.26699e-08,0.1355274
3.27699e-08,0.1354762
3.28699e-08,0.1353756
3.29699e-08,0.1352051
3.30699e-08,0.1350838
3.31699e-08,0.135039
3.32699e-08,0.13493
3.33699e-08,0.1346641
3.34699e-08,0.134343
3.35699e-08,0.1340648
3.36699e-08,0.133793
3.37699e-08,0.1335115
3.38699e-08,0.133289
3.39699e-08,0.1331334
3.40699e-08,0.1329686
3.41699e-08,0.1327786
3.42699e-08,0.132595
3.43699e-08,0.1324004
3.44699e-08,0.1321741
3.45699e-08,0.1319276
3.46699e-08,0.131674
3.47699e-08,0.1313555
3.48699e-08,0.1309021
3.49699e-08,0.1304325
3.50699e-08,0.1300083
3.51699e-08,0.1295569
3.52699e-08,0.1290957
3.53699e-08,0.1286987
3.54699e-08,0.1283971
3.55699e-08,0.1280839
3.56699e-08,0.1277128
3.57699e-08,0.1273704
3.58699e-08,0.1270837
3.59699e-08,0.1268106
3.60699e-08,0.1264889
3.61699e-08,0.1261263
3.62699e-08,0.1258351
3.63699e-08,0.1256496
3.64699e-08,0.1254608
3.65699e-08,0.125239
3.66699e-08,0.125082
3.67699e-08,0.1250029
3.68699e-08,0.1248998
3.69699e-08,0.1246922
3.70699e-08,0.1244561
3.71699e-08,0.1243147
3.72699e-08,0.1242732
3.73699e-08,0.1242596
3.74699e-08,0.1242388
3.75699e-08,0.1242492
3.76699e-08,0.1242408
3.77699e-08,0.1241662
3.78699e-08,0.1241351
3.79699e-08,0.1241545
3.80699e-08,0.1240897
3.81699e-08,0.123993
3.82699e-08,0.1239813
3.83699e-08,0.124065
3.84699e-08,0.1242395
3.85699e-08,0.1244782
3.86699e-08,0.1248064
3.87699e-08,0.1252701
3.88699e-08,0.1257456
3.89699e-08,0.1260634
3.90699e-08,0.1261711
3.91699e-08,0.1260342
3.92699e-08,0.1256405
3.93699e-08,0.1250989
3.94699e-08,0.1245606
3.95699e-08,0.1241085
3.96699e-08,0.1238069
3.97699e-08,0.1237031
3.98699e-08,0.1237517
3.99699e-08,0.1238166
4.00699e-08,0.1237861
4.01699e-08,0.1236817
4.02699e-08,0.1235474
4.03699e-08,0.1233223
4.04699e-08,0.1229954
4.05699e-08,0.1226815
4.06699e-08,0.1224915
4.07699e-08,0.1224785
4.08699e-08,0.1226082
4.09699e-08,0.1227743
4.10699e-08,0.1229286
4.11699e-08,0.1230648
4.12699e-08,0.1231466
4.13699e-08,0.1231939
4.14699e-08,0.1232062
4.15699e-08,0.1231381
4.16699e-08,0.1230175
4.17699e-08,0.122902
4.18699e-08,0.1228047
4.19699e-08,0.1227198
4.20699e-08,0.1226166
4.21699e-08,0.1224973
4.22699e-08,0.1223708
4.23699e-08,0.1221989
4.24699e-08,0.1220186
4.25699e-08,0.1219518
4.26699e-08,0.1220173
4.27699e-08,0.1220621
4.28699e-08,0.1220562
4.29699e-08,0.1221276
4.30699e-08,0.1222917
4.31699e-08,0.1224383
4.32699e-08,0.1225479
4.33699e-08,0.1226776
4.34699e-08,0.1227658
4.35699e-08,0.1227528
4.36699e-08,0.1226977
4.37699e-08,0.1226601
4.38699e-08,0.1226244
4.39699e-08,0.122542
4.40699e-08,0.1224467
4.41699e-08,0.1224201
4.42699e-08,0.1224681
4.43699e-08,0.1225777
4.44699e-08,0.1226685
4.45699e-08,0.1226633
4.46699e-08,0.1226342
4.47699e-08,0.122614
4.48699e-08,0.1225193
4.49699e-08,0.1223676
4.50699e-08,0.1222573
4.51699e-08,0.1222164
4.52699e-08,0.1222372
4.53699e-08,0.1222858
4.54699e-08,0.1223384
4.55699e-08,0.1224084
4.56699e-08,0.1224461
4.57699e-08,0.1224558
4.58699e-08,0.1225401
4.59699e-08,0.1226666
4.60699e-08,0.1226938
4.61699e-08,0.1225926
4.62699e-08,0.1224006
4.63699e-08,0.1221315
4.64699e-08,0.1218513
4.65699e-08,0.1216716
4.66699e-08,0.1215698
4.67699e-08,0.1214329
4.68699e-08,0.1212708
4.69699e-08,0.1212091
4.70699e-08,0.1212941
4.71699e-08,0.1213972
4.72699e-08,0.1214297
4.73699e-08,0.1214919
4.74699e-08,0.1216165
4.75699e-08,0.121693
4.76699e-08,0.1216949
4.77699e-08,0.1217196
4.78699e-08,0.1218247
4.79699e-08,0.1219615
4.80699e-08,0.1220789
4.81699e-08,0.1222391
4.82699e-08,0.1225446
4.83699e-08,0.1229254
4.84699e-08,0.1232367
4.85699e-08,0.1234968
4.86699e-08,0.123803
4.87699e-08,0.1240916
4.88699e-08,0.1242019
4.89699e-08,0.1241409
4.90699e-08,0.124043
4.91699e-08,0.1239632
4.92699e-08,0.1238425
4.93699e-08,0.1236869
4.94699e-08,0.1236246
4.95699e-08,0.1237284
4.96699e-08,0.12391
4.97699e-08,0.1240624
4.98699e-08,0.1241701
4.99699e-08,0.1242311
5.00699e-08,0.1242038
5.01699e-08,0.1240799
5.02699e-08,0.1239508
5.03699e-08,0.1238886
5.04699e-08,0.1238542
5.05699e-08,0.1237803
5.06699e-08,0.1236687
5.07699e-08,0.1235831
5.08699e-08,0.1235059
5.09699e-08,0.1233626
5.10699e-08,0.1231894
5.11699e-08,0.1230337
5.12699e-08,0.1228981
5.13699e-08,0.1228184
5.14699e-08,0.122795
5.15699e-08,0.1228002
5.16699e-08,0.1228099
5.17699e-08,0.1227937
5.18699e-08,0.1226932
5.19699e-08,0.1224908
5.20699e-08,0.122258
5.21699e-08,0.1220958
5.22699e-08,0.1220154
5.23699e-08,0.1219129
5.24699e-08,0.1217916
5.25699e-08,0.12173
5.26699e-08,0.1217157
5.27699e-08,0.1217669
5.28699e-08,0.121896
5.29699e-08,0.1220673
5.30699e-08,0.1222249
5.31699e-08,0.1223403
5.32699e-08,0.1224052
5.33699e-08,0.1224233
5.34699e-08,0.1223968
5.35699e-08,0.1222852
5.36699e-08,0.1221425
5.37699e-08,0.1220887
5.38699e-08,0.1220861
5.39699e-08,0.1220556
5.40699e-08,0.1220329
5.41699e-08,0.122112
5.42699e-08,0.1222858
5.43699e-08,0.1224169
5.44699e-08,0.122424
5.45699e-08,0.1223942
5.46699e-08,0.1223909
5.47699e-08,0.1223968
5.48699e-08,0.1223805
5.49699e-08,0.1223235
5.50699e-08,0.1222845
5.51699e-08,0.1223358
5.52699e-08,0.1224506
5.53699e-08,0.1225446
5.54699e-08,0.122627
5.55699e-08,0.1227068
5.56699e-08,0.1227224
5.57699e-08,0.122734
5.58699e-08,0.1228041
5.59699e-08,0.1228754
5.60699e-08,0.1228871
5.61699e-08,0.1228547
5.62699e-08,0.1228488
5.63699e-08,0.1228534
5.64699e-08,0.1228145
5.65699e-08,0.1227846
5.66699e-08,0.1228158
5.67699e-08,0.1229131
5.68699e-08,0.1230642
5.69699e-08,0.1231946
5.70699e-08,0.1232516
5.71699e-08,0.1232581
5.72699e-08,0.1232036
5.73699e-08,0.1230746
5.74699e-08,0.1229487
5.75699e-08,0.1228897
5.76699e-08,0.12288
5.77699e-08,0.1228657
5.78699e-08,0.1228365
5.79699e-08,0.1228618
5.80699e-08,0.1229546
5.81699e-08,0.1230603
5.82699e-08,0.1231809
5.83699e-08,0.1232854
5.84699e-08,0.1233087
5.85699e-08,0.1232763
5.86699e-08,0.1232452
5.87699e-08,0.1232315
5.88699e-08,0.1232289
5.89699e-08,0.1232529
5.90699e-08,0.1233146
5.91699e-08,0.1233762
5.92699e-08,0.1233833
5.93699e-08,0.1233288
5.94699e-08,0.123264
5.95699e-08,0.1231868
5.96699e-08,0.1230376
5.97699e-08,0.1228592
5.98699e-08,0.1227671
5.99699e-08,0.1227898
6.00699e-08,0.1228754
6.01699e-08,0.1229552
6.02699e-08,0.1229922
6.03699e-08,0.1229974
6.04699e-08,0.1229701
6.05699e-08,0.1229267
6.06699e-08,0.1228586
6.07699e-08,0.1227535
6.08699e-08,0.1226711
6.09699e-08,0.1225952
6.10699e-08,0.1225382
6.11699e-08,0.1225602
6.12699e-08,0.122614
6.13699e-08,0.1226705
6.14699e-08,0.1227632
6.15699e-08,0.1228612
6.16699e-08,0.1228437
6.17699e-08,0.1227386
6.18699e-08,0.1226646
6.19699e-08,0.1225952
6.20699e-08,0.1225401
6.21699e-08,0.1225628
6.22699e-08,0.1225939
6.23699e-08,0.1225894
6.24699e-08,0.1226205
6.25699e-08,0.1227327
6.26699e-08,0.1228527
6.27699e-08,0.1229111
6.28699e-08,0.1229007
6.29699e-08,0.1228553
6.30699e-08,0.1228015
6.31699e-08,0.1226873
6.32699e-08,0.122507
6.33699e-08,0.1223598
6.34699e-08,0.1222761
6.35699e-08,0.12221
6.36699e-08,0.1221834
6.37699e-08,0.1222255
6.38699e-08,0.1223293
6.39699e-08,0.1224175
6.40699e-08,0.1224558
6.41699e-08,0.1225258
6.42699e-08,0.12259
6.43699e-08,0.1225972
6.44699e-08,0.1225414
6.45699e-08,0.1224104
6.46699e-08,0.1222839
6.47699e-08,0.1221373
6.48699e-08,0.121931
6.49699e-08,0.1218169
6.50699e-08,0.1218526
6.51699e-08,0.1219544
6.52699e-08,0.1220647
6.53699e-08,0.1221406
6.54699e-08,0.1221684
6.55699e-08,0.1221684
6.56699e-08,0.1221172
6.57699e-08,0.1219927
6.58699e-08,0.1218253
6.59699e-08,0.1216249
6.60699e-08,0.1214336
6.61699e-08,0.1213447
6.62699e-08,0.1213518
6.63699e-08,0.1213382
6.64699e-08,0.1212597
6.65699e-08,0.1212273
6.66699e-08,0.1213123
6.67699e-08,0.1214063
6.68699e-08,0.1214323
6.69699e-08,0.1214699
6.70699e-08,0.1215782
6.71699e-08,0.1216924
6.72699e-08,0.1217488
6.73699e-08,0.1217598
6.74699e-08,0.1217313
6.75699e-08,0.1216405
6.76699e-08,0.1214932
6.77699e-08,0.1214083
6.78699e-08,0.1214498
6.79699e-08,0.1215036
6.80699e-08,0.1214887
6.81699e-08,0.1214199
6.82699e-08,0.1213278
6.83699e-08,0.1212351
6.84699e-08,0.1211683
6.85699e-08,0.121167
6.86699e-08,0.1212266
6.87699e-08,0.1212935
6.88699e-08,0.1213492
6.89699e-08,0.1214167
6.90699e-08,0.1214297
6.91699e-08,0.1213129
6.92699e-08,0.1211559
6.93699e-08,0.1210924
6.94699e-08,0.1211092
6.95699e-08,0.1211611
6.96699e-08,0.1212383
6.97699e-08,0.12137
6.98699e-08,0.1215561
6.99699e-08,0.1217248
7.00699e-08,0.1218227
7.01699e-08,0.1218072
7.02699e-08,0.1217021
7.03699e-08,0.1215633
7.04699e-08,0.1214219
7.05699e-08,0.1213538
7.06699e-08,0.121407
7.07699e-08,0.1215295
7.08699e-08,0.1216515
7.09699e-08,0.1217734
7.10699e-08,0.1219414
7.11699e-08,0.1221438
7.12699e-08,0.1222703
7.13699e-08,0.1222891
7.14699e-08,0.1222897
7.15699e-08,0.1223072
7.16699e-08,0.1222975
7.17699e-08,0.1222644
7.18699e-08,0.1222417
7.19699e-08,0.1222119
7.20699e-08,0.122173
7.21699e-08,0.1221743
7.22699e-08,0.122186
7.23699e-08,0.1221289
7.24699e-08,0.1220387
7.25699e-08,0.1220309
7.26699e-08,0.1221373
7.27699e-08,0.1222404
7.28699e-08,0.122245
7.29699e-08,0.1221769
7.30699e-08,0.1220588
7.31699e-08,0.1219239
7.32699e-08,0.1218117
7.33699e-08,0.1217209
7.34699e-08,0.1216619
7.35699e-08,0.1216418
7.36699e-08,0.1216859
7.37699e-08,0.121835
7.38699e-08,0.1220206
7.39699e-08,0.1221198
7.40699e-08,0.1220783
7.41699e-08,0.1219764
7.42699e-08,0.1219116
7.43699e-08,0.1218039
7.44699e-08,0.1216093
7.45699e-08,0.1214939
7.46699e-08,0.1214809
7.47699e-08,0.1214595
7.48699e-08,0.1214465
7.49699e-08,0.1214874
7.50699e-08,0.1215866
7.51699e-08,0.1217151
7.52699e-08,0.1218059
7.53699e-08,0.1218843
7.54699e-08,0.1220037
7.55699e-08,0.1220945
7.56699e-08,0.1221081
7.57699e-08,0.1221367
7.58699e-08,0.1222203
7.59699e-08,0.1222962
7.60699e-08,0.1223085
7.61699e-08,0.1222748
7.62699e-08,0.1222683
7.63699e-08,0.1223377
7.64699e-08,0.1224564
7.65699e-08,0.1225712
7.66699e-08,0.1226886
7.67699e-08,0.1228119
7.68699e-08,0.1228709
7.69699e-08,0.1228385
7.70699e-08,0.1227762
7.71699e-08,0.1227165
7.72699e-08,0.1226886
7.73699e-08,0.1227276
7.74699e-08,0.1227425
7.75699e-08,0.1226556
7.76699e-08,0.122542
7.77699e-08,0.1224597
7.78699e-08,0.1223851
7.79699e-08,0.1223961
7.80699e-08,0.1225764
7.81699e-08,0.1228184
7.82699e-08,0.1229714
7.83699e-08,0.1230421
7.84699e-08,0.1230973
7.85699e-08,0.1230979
7.86699e-08,0.1229954
7.87699e-08,0.122854
7.88699e-08,0.12271
7.89699e-08,0.1225745
7.90699e-08,0.1224688
7.91699e-08,0.1224045
7.92699e-08,0.1224071
7.93699e-08,0.1224707
7.94699e-08,0.1226037
7.95699e-08,0.1227749
7.96699e-08,0.1228443
7.97699e-08,0.122806
7.98699e-08,0.1227373
7.99699e-08,0.1226309
8.00699e-08,0.1224824
8.01699e-08,0.1222917
8.02699e-08,0.1220575
8.03699e-08,0.1217819
8.04699e-08,0.121464
8.05699e-08,0.1211709
8.06699e-08,0.120973
8.07699e-08,0.1208608
8.08699e-08,0.120831
8.09699e-08,0.120927
8.10699e-08,0.1211819
8.11699e-08,0.1215432
8.12699e-08,0.1218753
8.13699e-08,0.1221133
8.14699e-08,0.122267
8.15699e-08,0.122339
8.16699e-08,0.1223507
8.17699e-08,0.1223838
8.18699e-08,0.1225142
8.19699e-08,0.1226893
8.20699e-08,0.122784
8.21699e-08,0.1227853
8.22699e-08,0.12276
8.23699e-08,0.1227191
8.24699e-08,0.1226517
8.25699e-08,0.1225466
8.26699e-08,0.1224214
8.27699e-08,0.1223338
8.28699e-08,0.12228
8.29699e-08,0.1222424
8.30699e-08,0.1222502
8.31699e-08,0.1223105
8.32699e-08,0.1223968
8.33699e-08,0.1224675
8.34699e-08,0.122496
8.35699e-08,0.1224778
8.36699e-08,0.1224337
8.37699e-08,0.1224058
8.38699e-08,0.1223754
8.39699e-08,0.1223384
8.40699e-08,0.1222969
8.41699e-08,0.122232
8.42699e-08,0.1221295
8.43699e-08,0.1219395
8.44699e-08,0.1217157
8.45699e-08,0.121645
8.46699e-08,0.121717
8.47699e-08,0.1217695
8.48699e-08,0.1217669
8.49699e-08,0.1217507
8.50699e-08,0.1217397
8.51699e-08,0.1217358
8.52699e-08,0.1217579
8.53699e-08,0.1217987
8.54699e-08,0.1218435
8.55699e-08,0.1219096
8.56699e-08,0.1219479
8.57699e-08,0.1219356
8.58699e-08,0.1219602
8.59699e-08,0.1220257
8.60699e-08,0.1220244
8.61699e-08,0.1219836
8.62699e-08,0.1220186
8.63699e-08,0.1220997
8.64699e-08,0.1221503
8.65699e-08,0.1221885
8.66699e-08,0.1222683
8.67699e-08,0.1223838
8.68699e-08,0.1224253
8.69699e-08,0.1223384
8.70699e-08,0.1222184
8.71699e-08,0.1221302
8.72699e-08,0.1220316
8.73699e-08,0.1219382
8.74699e-08,0.1218947
8.75699e-08,0.1218662
8.76699e-08,0.1218558
8.77699e-08,0.121922
8.78699e-08,0.1220835
8.79699e-08,0.1223176
8.80699e-08,0.1225356
8.81699e-08,0.122701
8.82699e-08,0.1228527
