LECROYWaveRunner,41075,Waveform
Segments,1,SegmentSize,1002
Segment,TrigTime,TimeSinceSegment1
#1,12-Nov-2024 18:46:07,0                 
Time,Ampl
-1.18978e-08,0.1229902
-1.17978e-08,0.1230609
-1.16978e-08,0.1230629
-1.15978e-08,0.1229572
-1.14978e-08,0.122725
-1.13978e-08,0.1223831
-1.12978e-08,0.1219732
-1.11978e-08,0.121562
-1.10978e-08,0.1212357
-1.09978e-08,0.1210372
-1.08978e-08,0.1209348
-1.07978e-08,0.1209114
-1.06978e-08,0.1209665
-1.05978e-08,0.1210801
-1.04978e-08,0.1212377
-1.03978e-08,0.1213687
-1.02978e-08,0.1214031
-1.01978e-08,0.1213492
-1.00978e-08,0.1212785
-9.99784e-09,0.1212396
-9.89784e-09,0.1211871
-9.79784e-09,0.1210697
-9.69784e-09,0.1209536
-9.59784e-09,0.1209192
-9.49784e-09,0.1209691
-9.39784e-09,0.1210814
-9.29784e-09,0.121261
-9.19784e-09,0.1214958
-9.09784e-09,0.1217319
-8.99784e-09,0.1219317
-8.89784e-09,0.1221049
-8.79784e-09,0.122245
-8.69784e-09,0.1223682
-8.59784e-09,0.1225317
-8.49784e-09,0.1227509
-8.39784e-09,0.1229786
-8.29784e-09,0.123155
-8.19784e-09,0.1232458
-8.09784e-09,0.1232659
-7.99784e-09,0.1232776
-7.89784e-09,0.1233249
-7.79784e-09,0.1233781
-7.69784e-09,0.1234268
-7.59784e-09,0.1235571
-7.49784e-09,0.1237725
-7.39784e-09,0.1238977
-7.29784e-09,0.1238672
-7.19784e-09,0.1237666
-7.09784e-09,0.1236343
-6.99784e-09,0.1234313
-6.89784e-09,0.1231193
-6.79784e-09,0.1227885
-6.69784e-09,0.1224947
-6.59784e-09,0.1222327
-6.49784e-09,0.1220744
-6.39784e-09,0.122005
-6.29784e-09,0.1219745
-6.19784e-09,0.1219278
-6.09784e-09,0.1218571
-5.99784e-09,0.1218402
-5.89784e-09,0.1218033
-5.79784e-09,0.1216709
-5.69784e-09,0.1215399
-5.59784e-09,0.121455
-5.49784e-09,0.1213843
-5.39784e-09,0.1213758
-5.29784e-09,0.1215205
-5.19784e-09,0.1217618
-5.09784e-09,0.1219246
-4.99784e-09,0.1219583
-4.89784e-09,0.1219842
-4.79784e-09,0.1220595
-4.69784e-09,0.1221963
-4.59784e-09,0.122387
-4.49784e-09,0.1225369
-4.39784e-09,0.1226173
-4.29784e-09,0.1226588
-4.19784e-09,0.1226458
-4.09784e-09,0.1226037
-3.99784e-09,0.1225745
-3.89784e-09,0.1225213
-3.79784e-09,0.1224233
-3.69784e-09,0.1223857
-3.59784e-09,0.1224934
-3.49784e-09,0.1226718
-3.39784e-09,0.122797
-3.29784e-09,0.1228865
-3.19784e-09,0.1230065
-3.09784e-09,0.1231375
-2.99784e-09,0.1232023
-2.89784e-09,0.1231511
-2.79784e-09,0.1230285
-2.69784e-09,0.1228852
-2.59784e-09,0.1227016
-2.49784e-09,0.1225167
-2.39784e-09,0.1223844
-2.29784e-09,0.1222476
-2.19784e-09,0.1221166
-2.09784e-09,0.122077
-1.99784e-09,0.1221269
-1.89784e-09,0.1222197
-1.79784e-09,0.1222748
-1.69784e-09,0.1222696
-1.59784e-09,0.1222294
-1.49784e-09,0.1221133
-1.39784e-09,0.1219285
-1.29784e-09,0.1217566
-1.19784e-09,0.121656
-1.09784e-09,0.1216281
-9.97837e-10,0.121656
-8.97837e-10,0.1217935
-7.97837e-10,0.122042
-6.97837e-10,0.1222554
-5.97837e-10,0.1223481
-4.97837e-10,0.1223598
-3.97837e-10,0.1223209
-2.97837e-10,0.1222242
-1.97837e-10,0.1220958
-9.78371e-11,0.122027
2.16288e-12,0.1220316
1.02163e-10,0.1220316
2.02163e-10,0.1219862
3.02163e-10,0.121931
4.02163e-10,0.1219012
5.02163e-10,0.1218733
6.02163e-10,0.1218383
7.02163e-10,0.1218201
8.02163e-10,0.1218156
9.02163e-10,0.1217955
1.00216e-09,0.1217598
1.10216e-09,0.1217825
1.20216e-09,0.1218753
1.30216e-09,0.1219375
1.40216e-09,0.1219161
1.50216e-09,0.121861
1.60216e-09,0.1217819
1.70216e-09,0.1216288
1.80216e-09,0.1214264
1.90216e-09,0.1213175
2.00216e-09,0.1213557
2.10216e-09,0.1214576
2.20216e-09,0.1216327
2.30216e-09,0.1218668
2.40216e-09,0.1220815
2.50216e-09,0.1222443
2.60216e-09,0.1223079
2.70216e-09,0.1223118
2.80216e-09,0.1223189
2.90216e-09,0.1222567
3.00216e-09,0.1221438
3.10216e-09,0.1220971
3.20216e-09,0.122114
3.30216e-09,0.122162
3.40216e-09,0.1222573
3.50216e-09,0.1224259
3.60216e-09,0.1225913
3.70216e-09,0.1226685
3.80216e-09,0.1227036
3.90216e-09,0.1227528
4.00216e-09,0.1228015
4.10216e-09,0.1228028
4.20216e-09,0.1227905
4.30216e-09,0.1227807
4.40216e-09,0.1227327
4.50216e-09,0.1226556
4.60216e-09,0.1225673
4.70216e-09,0.122566
4.80216e-09,0.1227198
4.90216e-09,0.1229442
5.00216e-09,0.1231362
5.10216e-09,0.12324
5.20216e-09,0.1232873
5.30216e-09,0.1233386
5.40216e-09,0.1233418
5.50216e-09,0.1232218
5.60216e-09,0.123
5.70216e-09,0.1227567
5.80216e-09,0.1225913
5.90216e-09,0.1224902
6.00216e-09,0.1223942
6.10216e-09,0.1222839
6.20216e-09,0.122162
6.30216e-09,0.122123
6.40216e-09,0.122171
6.50216e-09,0.1222177
6.60216e-09,0.1222404
6.70216e-09,0.1222223
6.80216e-09,0.1221373
6.90216e-09,0.121992
7.00216e-09,0.1218409
7.10216e-09,0.1217462
7.20216e-09,0.1217157
7.30216e-09,0.1216969
7.40216e-09,0.1216476
7.50216e-09,0.1216158
7.60216e-09,0.1216275
7.70216e-09,0.1216015
7.80216e-09,0.1215354
7.90216e-09,0.1215153
8.00216e-09,0.1215834
8.10216e-09,0.1217053
8.20216e-09,0.121778
8.30216e-09,0.1217994
8.40216e-09,0.1218396
8.50216e-09,0.1218629
8.60216e-09,0.1218046
8.70216e-09,0.1217332
8.80216e-09,0.1217605
8.90216e-09,0.1218441
9.00216e-09,0.1219207
9.10216e-09,0.1220212
9.20216e-09,0.122184
9.30216e-09,0.1223663
9.40216e-09,0.1225012
9.50216e-09,0.1226406
9.60216e-09,0.1227957
9.70216e-09,0.1229163
9.80216e-09,0.1230305
9.90216e-09,0.1231479
1.00022e-08,0.1232263
1.01022e-08,0.1232529
1.02022e-08,0.1232289
1.03022e-08,0.1231822
1.04022e-08,0.1232192
1.05022e-08,0.1233463
1.06022e-08,0.1234313
1.07022e-08,0.1234598
1.08022e-08,0.123502
1.09022e-08,0.1235254
1.10022e-08,0.1234877
1.11022e-08,0.1234099
1.12022e-08,0.1232964
1.13022e-08,0.1231232
1.14022e-08,0.1228929
1.15022e-08,0.1226594
1.16022e-08,0.1224603
1.17022e-08,0.1223085
1.18022e-08,0.1222281
1.19022e-08,0.1222093
1.20022e-08,0.1222391
1.21022e-08,0.1222884
1.22022e-08,0.1222956
1.23022e-08,0.1222664
1.24022e-08,0.1222424
1.25022e-08,0.1221457
1.26022e-08,0.1219492
1.27022e-08,0.1218065
1.28022e-08,0.1217313
1.29022e-08,0.1216054
1.30022e-08,0.1214433
1.31022e-08,0.1214011
1.32022e-08,0.1215438
1.33022e-08,0.1217501
1.34022e-08,0.121909
1.35022e-08,0.122016
1.36022e-08,0.1220964
1.37022e-08,0.122171
1.38022e-08,0.1222054
1.39022e-08,0.1221892
1.40022e-08,0.1221892
1.41022e-08,0.1222151
1.42022e-08,0.122234
1.43022e-08,0.1222631
1.44022e-08,0.1223014
1.45022e-08,0.1223222
1.46022e-08,0.1223702
1.47022e-08,0.1225103
1.48022e-08,0.1227327
1.49022e-08,0.1229481
1.50022e-08,0.1230707
1.51022e-08,0.1231252
1.52022e-08,0.1231984
1.53022e-08,0.1232815
1.54022e-08,0.1233022
1.55022e-08,0.123273
1.56022e-08,0.1232237
1.57022e-08,0.1231719
1.58022e-08,0.12319
1.59022e-08,0.1233275
1.60022e-08,0.1235338
1.61022e-08,0.1237381
1.62022e-08,0.1239217
1.63022e-08,0.124091
1.64022e-08,0.1242771
1.65022e-08,0.1244788
1.66022e-08,0.1246455
1.67022e-08,0.1247798
1.68022e-08,0.1249218
1.69022e-08,0.1250347
1.70022e-08,0.1250807
1.71022e-08,0.1251495
1.72022e-08,0.1253408
1.73022e-08,0.1256178
1.74022e-08,0.1259032
1.75022e-08,0.1261944
1.76022e-08,0.1265304
1.77022e-08,0.1268768
1.78022e-08,0.1271317
1.79022e-08,0.1272497
1.80022e-08,0.1273561
1.81022e-08,0.1275993
1.82022e-08,0.1278828
1.83022e-08,0.1280936
1.84022e-08,0.128283
1.85022e-08,0.1284536
1.86022e-08,0.1285729
1.87022e-08,0.1287026
1.88022e-08,0.1289206
1.89022e-08,0.1291567
1.90022e-08,0.1293603
1.91022e-08,0.1296451
1.92022e-08,0.1300641
1.93022e-08,0.1305616
1.94022e-08,0.1310377
1.95022e-08,0.1314327
1.96022e-08,0.1317732
1.97022e-08,0.1320067
1.98022e-08,0.132067
1.99022e-08,0.1320917
2.00022e-08,0.132224
2.01022e-08,0.1323596
2.02022e-08,0.1324672
2.03022e-08,0.1327286
2.04022e-08,0.1331347
2.05022e-08,0.1335413
2.06022e-08,0.1338871
2.07022e-08,0.1341232
2.08022e-08,0.1342269
2.09022e-08,0.1342613
2.10022e-08,0.1343028
2.11022e-08,0.1343249
2.12022e-08,0.1342847
2.13022e-08,0.1342263
2.14022e-08,0.1342153
2.15022e-08,0.1342659
2.16022e-08,0.1343288
2.17022e-08,0.1343833
2.18022e-08,0.1344948
2.19022e-08,0.1347153
2.20022e-08,0.1349599
2.21022e-08,0.1351259
2.22022e-08,0.1352057
2.23022e-08,0.1351986
2.24022e-08,0.1351486
2.25022e-08,0.1350701
2.26022e-08,0.1349158
2.27022e-08,0.1346907
2.28022e-08,0.1344326
2.29022e-08,0.1342127
2.30022e-08,0.1340979
2.31022e-08,0.1340486
2.32022e-08,0.1340226
2.33022e-08,0.1340589
2.34022e-08,0.1341381
2.35022e-08,0.1341433
2.36022e-08,0.1340829
2.37022e-08,0.1340362
2.38022e-08,0.1340187
2.39022e-08,0.133996
2.40022e-08,0.1339402
2.41022e-08,0.1338611
2.42022e-08,0.1337736
2.43022e-08,0.1337288
2.44022e-08,0.1337859
2.45022e-08,0.1338838
2.46022e-08,0.1339415
2.47022e-08,0.1339798
2.48022e-08,0.1340369
2.49022e-08,0.1341562
2.50022e-08,0.1343391
2.51022e-08,0.1344877
2.52022e-08,0.1345707
2.53022e-08,0.134657
2.54022e-08,0.1347432
2.55022e-08,0.1348055
2.56022e-08,0.1348509
2.57022e-08,0.1348671
2.58022e-08,0.1348892
2.59022e-08,0.1349437
2.60022e-08,0.1350228
2.61022e-08,0.135089
2.62022e-08,0.1351597
2.63022e-08,0.1353257
2.64022e-08,0.1356273
2.65022e-08,0.135938
2.66022e-08,0.1361112
2.67022e-08,0.1362201
2.68022e-08,0.1363213
2.69022e-08,0.136344
2.70022e-08,0.1363123
2.71022e-08,0.1362824
2.72022e-08,0.1362896
2.73022e-08,0.136368
2.74022e-08,0.13649
2.75022e-08,0.1366035
2.76022e-08,0.1367423
2.77022e-08,0.1369239
2.78022e-08,0.1370225
2.79022e-08,0.1369596
2.80022e-08,0.1368636
2.81022e-08,0.136765
2.82022e-08,0.1365866
2.83022e-08,0.1364361
2.84022e-08,0.1364154
2.85022e-08,0.1364848
2.86022e-08,0.1365633
2.87022e-08,0.1366249
2.88022e-08,0.1366508
2.89022e-08,0.1365218
2.90022e-08,0.1362435
2.91022e-08,0.135984
2.92022e-08,0.135757
2.93022e-08,0.1354606
2.94022e-08,0.1351045
2.95022e-08,0.1347439
2.96022e-08,0.1344189
2.97022e-08,0.134142
2.98022e-08,0.1338721
2.99022e-08,0.1335926
3.00022e-08,0.1334142
3.01022e-08,0.1334441
3.02022e-08,0.133625
3.03022e-08,0.1338397
3.04022e-08,0.1340395
3.05022e-08,0.1342827
3.06022e-08,0.1346297
3.07022e-08,0.1349975
3.08022e-08,0.1353101
3.09022e-08,0.1355307
3.10022e-08,0.1356539
3.11022e-08,0.1357732
3.12022e-08,0.1359159
3.13022e-08,0.1360113
3.14022e-08,0.1360658
3.15022e-08,0.1361229
3.16022e-08,0.1362383
3.17022e-08,0.1363953
3.18022e-08,0.1364815
3.19022e-08,0.1365029
3.20022e-08,0.1364958
3.21022e-08,0.13644
3.22022e-08,0.1363791
3.23022e-08,0.1363045
3.24022e-08,0.1361345
3.25022e-08,0.1358744
3.26022e-08,0.1355949
3.27022e-08,0.1353257
3.28022e-08,0.1351136
3.29022e-08,0.1349398
3.30022e-08,0.1347166
3.31022e-08,0.1344209
3.32022e-08,0.1341089
3.33022e-08,0.1337807
3.34022e-08,0.1333597
3.35022e-08,0.132894
3.36022e-08,0.1324646
3.37022e-08,0.1319646
3.38022e-08,0.1313801
3.39022e-08,0.1308398
3.40022e-08,0.1303988
3.41022e-08,0.1299979
3.42022e-08,0.1295569
3.43022e-08,0.1291625
3.44022e-08,0.1288797
3.45022e-08,0.1286436
3.46022e-08,0.1284153
3.47022e-08,0.1281786
3.48022e-08,0.1279768
3.49022e-08,0.1278692
3.50022e-08,0.1278004
3.51022e-08,0.1276921
3.52022e-08,0.1275429
3.53022e-08,0.1273081
3.54022e-08,0.1269332
3.55022e-08,0.1265207
3.56022e-08,0.126271
3.57022e-08,0.126197
3.58022e-08,0.1261224
3.59022e-08,0.1260206
3.60022e-08,0.1260316
3.61022e-08,0.1261542
3.62022e-08,0.1262437
3.63022e-08,0.1262346
3.64022e-08,0.1261386
3.65022e-08,0.1260037
3.66022e-08,0.1258844
3.67022e-08,0.1257676
3.68022e-08,0.1256476
3.69022e-08,0.1255672
3.70022e-08,0.1255173
3.71022e-08,0.1255023
3.72022e-08,0.1255919
3.73022e-08,0.1257073
3.74022e-08,0.1257034
3.75022e-08,0.1256697
3.76022e-08,0.1257326
3.77022e-08,0.1257897
3.78022e-08,0.1257274
3.79022e-08,0.1255996
3.80022e-08,0.1254783
3.81022e-08,0.1253772
3.82022e-08,0.1252695
3.83022e-08,0.1251735
3.84022e-08,0.1251307
3.85022e-08,0.1250807
3.86022e-08,0.1249893
3.87022e-08,0.1249134
3.88022e-08,0.1248596
3.89022e-08,0.1247966
3.90022e-08,0.1246773
3.91022e-08,0.1244957
3.92022e-08,0.1243712
3.93022e-08,0.124305
3.94022e-08,0.1241811
3.95022e-08,0.1239755
3.96022e-08,0.1237459
3.97022e-08,0.1235649
3.98022e-08,0.1234274
3.99022e-08,0.1233074
4.00022e-08,0.1232348
4.01022e-08,0.1232127
4.02022e-08,0.123216
4.03022e-08,0.1232464
4.04022e-08,0.1233347
4.05022e-08,0.1234358
4.06022e-08,0.1234443
4.07022e-08,0.1233574
4.08022e-08,0.1232691
4.09022e-08,0.1232043
4.10022e-08,0.1231368
4.11022e-08,0.1230596
4.12022e-08,0.1229987
4.13022e-08,0.122974
4.14022e-08,0.1229935
4.15022e-08,0.1231025
4.16022e-08,0.12331
4.17022e-08,0.1235448
4.18022e-08,0.1237076
4.19022e-08,0.1237653
4.20022e-08,0.1237861
4.21022e-08,0.1237867
4.22022e-08,0.1237148
4.23022e-08,0.1236181
4.24022e-08,0.1235649
4.25022e-08,0.1235507
4.26022e-08,0.1235325
4.27022e-08,0.1235007
4.28022e-08,0.1235039
4.29022e-08,0.123537
4.30022e-08,0.1235604
4.31022e-08,0.1235695
4.32022e-08,0.1235701
4.33022e-08,0.1235461
4.34022e-08,0.1234624
4.35022e-08,0.1232756
4.36022e-08,0.1229838
4.37022e-08,0.1226854
4.38022e-08,0.1224324
4.39022e-08,0.1222158
4.40022e-08,0.1220569
4.41022e-08,0.1219096
4.42022e-08,0.1217773
4.43022e-08,0.121741
4.44022e-08,0.1217494
4.45022e-08,0.1217235
4.46022e-08,0.1217449
4.47022e-08,0.1219213
4.48022e-08,0.1221354
4.49022e-08,0.1222035
4.50022e-08,0.1221094
4.51022e-08,0.1219557
4.52022e-08,0.1218649
4.53022e-08,0.1218616
4.54022e-08,0.1219057
4.55022e-08,0.122027
4.56022e-08,0.1222138
4.57022e-08,0.1223857
4.58022e-08,0.1225077
4.59022e-08,0.1226179
4.60022e-08,0.1227541
4.61022e-08,0.1229358
4.62022e-08,0.1230992
4.63022e-08,0.1231732
4.64022e-08,0.1232043
4.65022e-08,0.1232075
4.66022e-08,0.123201
4.67022e-08,0.1232614
4.68022e-08,0.1233295
4.69022e-08,0.1233853
4.70022e-08,0.1234962
4.71022e-08,0.123563
4.72022e-08,0.1235831
4.73022e-08,0.1236453
4.74022e-08,0.1236648
4.75022e-08,0.1236188
4.76022e-08,0.1235785
4.77022e-08,0.123561
4.78022e-08,0.1235591
4.79022e-08,0.1235182
4.80022e-08,0.1234229
4.81022e-08,0.1233191
4.82022e-08,0.123201
4.83022e-08,0.1230545
4.84022e-08,0.1229118
4.85022e-08,0.1228443
4.86022e-08,0.1228553
4.87022e-08,0.1228813
4.88022e-08,0.1229195
4.89022e-08,0.1230078
4.90022e-08,0.1231277
4.91022e-08,0.1231946
4.92022e-08,0.123168
4.93022e-08,0.1230869
4.94022e-08,0.1229675
4.95022e-08,0.1227911
4.96022e-08,0.1226264
4.97022e-08,0.1225732
4.98022e-08,0.1225991
4.99022e-08,0.1226335
5.00022e-08,0.1226737
5.01022e-08,0.12276
5.02022e-08,0.1228138
5.03022e-08,0.1227652
5.04022e-08,0.1227146
5.05022e-08,0.1227126
5.06022e-08,0.1227671
5.07022e-08,0.1228748
5.08022e-08,0.1229403
5.09022e-08,0.1229598
5.10022e-08,0.1229779
5.11022e-08,0.1229429
5.12022e-08,0.1228469
5.13022e-08,0.1228054
5.14022e-08,0.122867
5.15022e-08,0.1229234
5.16022e-08,0.1229487
5.17022e-08,0.1229747
5.18022e-08,0.122987
5.19022e-08,0.1230103
5.20022e-08,0.1230687
5.21022e-08,0.1231719
5.22022e-08,0.1232549
5.23022e-08,0.1232224
5.24022e-08,0.1231109
5.25022e-08,0.1229922
5.26022e-08,0.1229124
5.27022e-08,0.1229066
5.28022e-08,0.1229896
5.29022e-08,0.1231401
5.30022e-08,0.1232737
5.31022e-08,0.1233321
5.32022e-08,0.123384
5.33022e-08,0.1234508
5.34022e-08,0.1234209
5.35022e-08,0.1232711
5.36022e-08,0.1230804
5.37022e-08,0.1228904
5.38022e-08,0.1227567
5.39022e-08,0.1227295
5.40022e-08,0.1228119
5.41022e-08,0.1229461
5.42022e-08,0.1230454
5.43022e-08,0.1230836
5.44022e-08,0.1231076
5.45022e-08,0.1231803
5.46022e-08,0.1232724
5.47022e-08,0.1232341
5.48022e-08,0.1230713
5.49022e-08,0.1229157
5.50022e-08,0.1227781
5.51022e-08,0.1226958
5.52022e-08,0.1226718
5.53022e-08,0.1226108
5.54022e-08,0.1225278
5.55022e-08,0.1225038
5.56022e-08,0.1225745
5.57022e-08,0.1227438
5.58022e-08,0.1229377
5.59022e-08,0.1230596
5.60022e-08,0.1230973
5.61022e-08,0.1230707
5.62022e-08,0.1229753
5.63022e-08,0.1228242
5.64022e-08,0.1226932
5.65022e-08,0.122614
5.66022e-08,0.1225686
5.67022e-08,0.1225777
5.68022e-08,0.1225965
5.69022e-08,0.1226089
5.70022e-08,0.1226562
5.71022e-08,0.1226886
5.72022e-08,0.1227003
5.73022e-08,0.1227879
5.74022e-08,0.122915
5.75022e-08,0.122987
5.76022e-08,0.1230272
5.77022e-08,0.1230603
5.78022e-08,0.1230084
5.79022e-08,0.1228508
5.80022e-08,0.1227256
5.81022e-08,0.1226971
5.82022e-08,0.1227308
5.83022e-08,0.1228073
5.84022e-08,0.1228994
5.85022e-08,0.1229909
5.86022e-08,0.1230778
5.87022e-08,0.1231615
5.88022e-08,0.1232231
5.89022e-08,0.1232458
5.90022e-08,0.1232464
5.91022e-08,0.1232186
5.92022e-08,0.1231757
5.93022e-08,0.1231732
5.94022e-08,0.1231602
5.95022e-08,0.1230648
5.96022e-08,0.122974
5.97022e-08,0.1229325
5.98022e-08,0.1228826
5.99022e-08,0.1228566
6.00022e-08,0.1228722
6.01022e-08,0.1228702
6.02022e-08,0.1228197
6.03022e-08,0.1227172
6.04022e-08,0.1225894
6.05022e-08,0.1224785
6.06022e-08,0.1223637
6.07022e-08,0.1222437
6.08022e-08,0.1221412
6.09022e-08,0.1220095
6.10022e-08,0.1218305
6.11022e-08,0.1216664
6.12022e-08,0.1216152
6.13022e-08,0.1217086
6.14022e-08,0.1218143
6.15022e-08,0.1218902
6.16022e-08,0.1220056
6.17022e-08,0.1221367
6.18022e-08,0.1222476
6.19022e-08,0.122317
6.20022e-08,0.1223163
6.21022e-08,0.1222761
6.22022e-08,0.122245
6.23022e-08,0.1222112
6.24022e-08,0.1221944
6.25022e-08,0.122234
6.26022e-08,0.1222904
6.27022e-08,0.122387
6.28022e-08,0.1225745
6.29022e-08,0.1227762
6.30022e-08,0.1228975
6.31022e-08,0.1229118
6.32022e-08,0.1228456
6.33022e-08,0.1227276
6.34022e-08,0.1225466
6.35022e-08,0.1223572
6.36022e-08,0.1222424
6.37022e-08,0.1221639
6.38022e-08,0.1220926
6.39022e-08,0.1221042
6.40022e-08,0.1221762
6.41022e-08,0.1222054
6.42022e-08,0.1221853
6.43022e-08,0.1221633
6.44022e-08,0.1221088
6.45022e-08,0.1219868
6.46022e-08,0.1218662
6.47022e-08,0.1218325
6.48022e-08,0.1219045
6.49022e-08,0.1220108
6.50022e-08,0.1220497
6.51022e-08,0.1220056
6.52022e-08,0.1218753
6.53022e-08,0.1216586
6.54022e-08,0.1214232
6.55022e-08,0.121263
6.56022e-08,0.1212286
6.57022e-08,0.1212902
6.58022e-08,0.1214102
6.59022e-08,0.1215938
6.60022e-08,0.1217845
6.61022e-08,0.1218785
6.62022e-08,0.1218312
6.63022e-08,0.1217053
6.64022e-08,0.1216242
6.65022e-08,0.1215756
6.66022e-08,0.1214738
6.67022e-08,0.1213894
6.68022e-08,0.1214186
6.69022e-08,0.1215068
6.70022e-08,0.1215873
6.71022e-08,0.1217105
6.72022e-08,0.1218902
6.73022e-08,0.1220569
6.74022e-08,0.1221321
6.75022e-08,0.1221003
6.76022e-08,0.1220556
6.77022e-08,0.1220523
6.78022e-08,0.1219966
6.79022e-08,0.1218902
6.80022e-08,0.1218474
6.81022e-08,0.1218655
6.82022e-08,0.1219343
6.83022e-08,0.1220465
6.84022e-08,0.1221996
6.85022e-08,0.1224143
6.86022e-08,0.1225978
6.87022e-08,0.1226776
6.88022e-08,0.1227094
6.89022e-08,0.1227548
6.90022e-08,0.1228015
6.91022e-08,0.1228248
6.92022e-08,0.1227846
6.93022e-08,0.1226614
6.94022e-08,0.1225135
6.95022e-08,0.1224156
6.96022e-08,0.1223598
6.97022e-08,0.1223021
6.98022e-08,0.1222508
6.99022e-08,0.1221853
7.00022e-08,0.1220627
7.01022e-08,0.1218798
7.02022e-08,0.1216677
7.03022e-08,0.1215153
7.04022e-08,0.1214595
7.05022e-08,0.1214368
7.06022e-08,0.1214576
7.07022e-08,0.12161
7.08022e-08,0.1218279
7.09022e-08,0.1219933
7.10022e-08,0.122101
7.11022e-08,0.1222255
7.12022e-08,0.1224188
7.13022e-08,0.1226179
7.14022e-08,0.1227353
7.15022e-08,0.1227477
7.16022e-08,0.1226802
7.17022e-08,0.1225609
7.18022e-08,0.1223805
7.19022e-08,0.1221036
7.20022e-08,0.1216833
7.21022e-08,0.1211605
7.22022e-08,0.1207084
7.23022e-08,0.1205132
7.24022e-08,0.1205553
7.25022e-08,0.1206844
7.26022e-08,0.1208128
7.27022e-08,0.12094
7.28022e-08,0.1211092
7.29022e-08,0.1212461
7.30022e-08,0.1213252
7.31022e-08,0.1214569
7.32022e-08,0.1216204
7.33022e-08,0.1217287
7.34022e-08,0.121765
7.35022e-08,0.1218059
7.36022e-08,0.1218928
7.37022e-08,0.1219233
7.38022e-08,0.1218578
7.39022e-08,0.1218007
7.40022e-08,0.1218182
7.41022e-08,0.1219343
7.42022e-08,0.122125
7.43022e-08,0.1223241
7.44022e-08,0.1225297
7.45022e-08,0.1227386
7.46022e-08,0.1229033
7.47022e-08,0.1229714
7.48022e-08,0.1229111
7.49022e-08,0.1228041
7.50022e-08,0.1227399
7.51022e-08,0.1227425
7.52022e-08,0.1228709
7.53022e-08,0.1231187
7.54022e-08,0.1233561
7.55022e-08,0.1235312
7.56022e-08,0.123707
7.57022e-08,0.1238782
7.58022e-08,0.1239152
7.59022e-08,0.1237867
7.60022e-08,0.1236149
7.61022e-08,0.1234345
7.62022e-08,0.123192
7.63022e-08,0.1229072
7.64022e-08,0.122651
7.65022e-08,0.1224058
7.66022e-08,0.12216
7.67022e-08,0.1220004
7.68022e-08,0.1219265
7.69022e-08,0.1218707
7.70022e-08,0.1218279
7.71022e-08,0.1218331
7.72022e-08,0.1218934
7.73022e-08,0.1219803
7.74022e-08,0.1220731
7.75022e-08,0.1221633
7.76022e-08,0.1222268
7.77022e-08,0.1222722
7.78022e-08,0.1223539
7.79022e-08,0.1225122
7.80022e-08,0.1227172
7.81022e-08,0.1229364
7.82022e-08,0.1231757
7.83022e-08,0.12336
7.84022e-08,0.1234761
7.85022e-08,0.1236441
7.86022e-08,0.123825
7.87022e-08,0.1238711
7.88022e-08,0.1238341
7.89022e-08,0.1237932
7.90022e-08,0.1237076
7.91022e-08,0.1235876
7.92022e-08,0.1235001
7.93022e-08,0.123467
7.94022e-08,0.1234657
7.95022e-08,0.1234949
7.96022e-08,0.1235396
7.97022e-08,0.123587
7.98022e-08,0.1236317
7.99022e-08,0.1236311
8.00022e-08,0.1236402
8.01022e-08,0.1236473
8.02022e-08,0.1235409
8.03022e-08,0.1233943
8.04022e-08,0.1232477
8.05022e-08,0.1230253
8.06022e-08,0.1227678
8.07022e-08,0.1226134
8.08022e-08,0.1225907
8.09022e-08,0.1225719
8.10022e-08,0.1224759
8.11022e-08,0.1223014
8.12022e-08,0.1221094
8.13022e-08,0.1219479
8.14022e-08,0.1217708
8.15022e-08,0.1215743
8.16022e-08,0.1213875
8.17022e-08,0.1211916
8.18022e-08,0.120988
8.19022e-08,0.1208453
8.20022e-08,0.120794
8.21022e-08,0.1207953
8.22022e-08,0.1208096
8.23022e-08,0.1208647
8.24022e-08,0.1210113
8.25022e-08,0.1211936
8.26022e-08,0.1213551
8.27022e-08,0.1215587
8.28022e-08,0.1217754
8.29022e-08,0.1218824
8.30022e-08,0.1218811
8.31022e-08,0.1218733
8.32022e-08,0.1219109
8.33022e-08,0.1219849
8.34022e-08,0.1220731
8.35022e-08,0.1221847
8.36022e-08,0.1223306
8.37022e-08,0.1224746
8.38022e-08,0.1225862
8.39022e-08,0.1226964
8.40022e-08,0.1228352
8.41022e-08,0.1229312
8.42022e-08,0.1229429
8.43022e-08,0.1229474
8.44022e-08,0.1229688
8.45022e-08,0.1229838
8.46022e-08,0.1229669
8.47022e-08,0.12295
8.48022e-08,0.1229636
8.49022e-08,0.1229786
8.50022e-08,0.1230071
8.51022e-08,0.1230473
8.52022e-08,0.1230901
8.53022e-08,0.1231556
8.54022e-08,0.1232147
8.55022e-08,0.1232413
8.56022e-08,0.1232445
8.57022e-08,0.12324
8.58022e-08,0.1231706
8.59022e-08,0.1229883
8.60022e-08,0.1227619
8.61022e-08,0.1225109
8.62022e-08,0.1222761
8.63022e-08,0.1221464
8.64022e-08,0.1220699
8.65022e-08,0.1220043
8.66022e-08,0.1220199
8.67022e-08,0.1221146
8.68022e-08,0.1221827
8.69022e-08,0.1221412
8.70022e-08,0.1220277
8.71022e-08,0.1219103
8.72022e-08,0.1218318
8.73022e-08,0.1217832
8.74022e-08,0.1216813
8.75022e-08,0.1215743
8.76022e-08,0.1215652
8.77022e-08,0.1216093
8.78022e-08,0.1216891
8.79022e-08,0.1218461
8.80022e-08,0.1220504
8.81022e-08,0.1222268
8.82022e-08,0.1223241
